6.063817501068115234e+00
6.466194152832031250e+00
5.772115230560302734e+00
5.730414390563964844e+00
5.629675388336181641e+00
5.486517906188964844e+00
5.421483993530273438e+00
5.359684944152832031e+00
5.284160137176513672e+00
5.234541416168212891e+00
5.205822944641113281e+00
5.138582706451416016e+00
5.108287334442138672e+00
5.147483825683593750e+00
5.063278675079345703e+00
5.005584239959716797e+00
4.992687225341796875e+00
4.927327632904052734e+00
4.883832931518554688e+00
5.001705169677734375e+00
4.969310760498046875e+00
4.949458599090576172e+00
4.944581031799316406e+00
4.872523307800292969e+00
4.841707706451416016e+00
4.815349578857421875e+00
4.789680480957031250e+00
4.775174617767333984e+00
4.764721393585205078e+00
4.730812072753906250e+00
4.726210594177246094e+00
4.690979957580566406e+00
4.703058242797851562e+00
4.675888061523437500e+00
4.653208255767822266e+00
4.638059616088867188e+00
4.634343624114990234e+00
4.623931407928466797e+00
4.605865001678466797e+00
4.600678443908691406e+00
4.584336280822753906e+00
4.578149795532226562e+00
4.567064762115478516e+00
4.557110309600830078e+00
4.548609256744384766e+00
4.527995109558105469e+00
4.542545795440673828e+00
4.544666767120361328e+00
4.529627323150634766e+00
4.518156528472900391e+00
4.513135433197021484e+00
4.500551223754882812e+00
4.493309974670410156e+00
4.498305320739746094e+00
4.485583782196044922e+00
4.485393047332763672e+00
4.489487171173095703e+00
4.474023342132568359e+00
4.475948810577392578e+00
4.475512027740478516e+00
4.464629173278808594e+00
4.460784435272216797e+00
4.459483146667480469e+00
4.463895320892333984e+00
4.454426765441894531e+00
4.454571723937988281e+00
4.442798137664794922e+00
4.439900875091552734e+00
4.438741683959960938e+00
4.422239303588867188e+00
4.526131629943847656e+00
4.457045555114746094e+00
4.443072795867919922e+00
4.428959846496582031e+00
4.431558609008789062e+00
4.458055019378662109e+00
4.451976776123046875e+00
4.429229259490966797e+00
4.429010868072509766e+00
4.429737567901611328e+00
4.415049552917480469e+00
4.417957782745361328e+00
4.421157836914062500e+00
4.415499687194824219e+00
4.403604507446289062e+00
4.404428005218505859e+00
4.400971412658691406e+00
4.412560462951660156e+00
4.401828765869140625e+00
4.398802280426025391e+00
4.400609493255615234e+00
4.403988361358642578e+00
4.402645111083984375e+00
4.400596141815185547e+00
4.394769668579101562e+00
4.391818046569824219e+00
4.389819622039794922e+00
4.385581970214843750e+00
4.380070209503173828e+00
4.387345314025878906e+00
4.385915279388427734e+00
4.387081146240234375e+00
4.377028942108154297e+00
4.380222320556640625e+00
4.382422447204589844e+00
4.373494625091552734e+00
4.371901035308837891e+00
4.377885818481445312e+00
4.431145191192626953e+00
4.398025989532470703e+00
4.385165691375732422e+00
4.399784088134765625e+00
4.417451858520507812e+00
4.404594898223876953e+00
4.395550251007080078e+00
4.383369445800781250e+00
4.384858131408691406e+00
4.376485824584960938e+00
4.363778114318847656e+00
4.373129367828369141e+00
4.363099098205566406e+00
4.365534782409667969e+00
4.361496448516845703e+00
4.367300987243652344e+00
4.357521057128906250e+00
4.365361690521240234e+00
4.362110614776611328e+00
4.371833801269531250e+00
4.363646984100341797e+00
4.362503051757812500e+00
4.358505725860595703e+00
4.355288982391357422e+00
4.358108997344970703e+00
4.348479270935058594e+00
4.355579853057861328e+00
4.350163936614990234e+00
4.344670295715332031e+00
4.349089622497558594e+00
4.351973533630371094e+00
4.348392963409423828e+00
4.348204135894775391e+00
4.347895145416259766e+00
4.342110633850097656e+00
4.340252399444580078e+00
4.341900348663330078e+00
4.355777263641357422e+00
4.339893817901611328e+00
4.335991859436035156e+00
4.333325862884521484e+00
4.335513591766357422e+00
4.332933425903320312e+00
4.338249206542968750e+00
4.334024429321289062e+00
4.341300010681152344e+00
4.333014965057373047e+00
4.338138103485107422e+00
4.338148593902587891e+00
4.331513404846191406e+00
4.331759929656982422e+00
4.332849502563476562e+00
4.327997207641601562e+00
4.325696468353271484e+00
4.334800720214843750e+00
4.329871654510498047e+00
4.343558311462402344e+00
4.360553264617919922e+00
4.376438140869140625e+00
4.362594127655029297e+00
4.364296436309814453e+00
4.353529453277587891e+00
4.368171215057373047e+00
4.370834350585937500e+00
4.396121978759765625e+00
4.365335941314697266e+00
4.358740329742431641e+00
4.349810600280761719e+00
4.343897819519042969e+00
4.356382369995117188e+00
4.349138259887695312e+00
4.354308605194091797e+00
4.355958938598632812e+00
4.352118968963623047e+00
4.339473724365234375e+00
4.344696998596191406e+00
4.341318130493164062e+00
4.325776576995849609e+00
4.330427169799804688e+00
4.330638408660888672e+00
4.330012798309326172e+00
4.338750839233398438e+00
4.331695079803466797e+00
4.325373649597167969e+00
4.332201480865478516e+00
4.331256389617919922e+00
4.325188159942626953e+00
4.319623470306396484e+00
4.316259860992431641e+00
4.346267700195312500e+00
4.337131977081298828e+00
4.338652610778808594e+00
4.333199977874755859e+00
4.319144248962402344e+00
4.330907344818115234e+00
4.341151237487792969e+00
4.348686218261718750e+00
4.364787101745605469e+00
4.356913089752197266e+00
4.343749523162841797e+00
4.343929767608642578e+00
4.332505226135253906e+00
4.331459045410156250e+00
4.342192649841308594e+00
4.328956604003906250e+00
4.319493770599365234e+00
4.322640895843505859e+00
4.324654579162597656e+00
4.319204807281494141e+00
4.328371047973632812e+00
4.323226928710937500e+00
4.322870254516601562e+00
4.314902782440185547e+00
4.324400901794433594e+00
4.320488452911376953e+00
4.315628528594970703e+00
4.315154075622558594e+00
4.313353538513183594e+00
4.312140941619873047e+00
4.313717365264892578e+00
4.309987068176269531e+00
4.317766666412353516e+00
4.329464435577392578e+00
4.355804920196533203e+00
4.344341278076171875e+00
4.327432632446289062e+00
4.355800628662109375e+00
4.359837532043457031e+00
4.350459575653076172e+00
4.342363834381103516e+00
4.336169719696044922e+00
4.335247516632080078e+00
4.346182823181152344e+00
4.345281600952148438e+00
4.362959861755371094e+00
4.360175132751464844e+00
4.352982044219970703e+00
4.340570449829101562e+00
4.340279102325439453e+00
4.346163272857666016e+00
4.345071315765380859e+00
4.342978000640869141e+00
4.330232620239257812e+00
4.323257923126220703e+00
4.319650650024414062e+00
4.319465160369873047e+00
4.321129798889160156e+00
4.315024375915527344e+00
4.320296287536621094e+00
4.307203292846679688e+00
4.313056945800781250e+00
4.308764457702636719e+00
4.304760932922363281e+00
4.378674030303955078e+00
4.411649703979492188e+00
4.396610260009765625e+00
4.397217750549316406e+00
4.413081169128417969e+00
4.409085273742675781e+00
4.392799854278564453e+00
4.394551277160644531e+00
4.388722896575927734e+00
4.363488197326660156e+00
4.351061820983886719e+00
4.341150760650634766e+00
4.338999271392822266e+00
4.326407432556152344e+00
4.324112415313720703e+00
4.317203521728515625e+00
4.316066265106201172e+00
4.322018146514892578e+00
4.330894947052001953e+00
4.316614151000976562e+00
4.317410469055175781e+00
4.315127849578857422e+00
4.308845996856689453e+00
4.320132732391357422e+00
4.313807964324951172e+00
4.310720443725585938e+00
4.311047077178955078e+00
4.307407855987548828e+00
4.316946029663085938e+00
4.315938949584960938e+00
4.316653728485107422e+00
4.314558029174804688e+00
4.310970306396484375e+00
4.305234432220458984e+00
4.307915210723876953e+00
4.297225475311279297e+00
4.298175811767578125e+00
4.298836708068847656e+00
4.303699016571044922e+00
4.298374176025390625e+00
4.303810119628906250e+00
4.346749305725097656e+00
4.333005905151367188e+00
4.329665660858154297e+00
4.322060585021972656e+00
4.310128688812255859e+00
4.311423301696777344e+00
4.308637619018554688e+00
4.300974369049072266e+00
4.300624370574951172e+00
4.299849510192871094e+00
4.296248435974121094e+00
4.296718120574951172e+00
4.294263839721679688e+00
4.293501377105712891e+00
4.293268203735351562e+00
4.294149875640869141e+00
4.298735141754150391e+00
4.293779850006103516e+00
4.300956249237060547e+00
4.289272785186767578e+00
4.291203498840332031e+00
4.300213336944580078e+00
4.291409015655517578e+00
4.329628467559814453e+00
4.312795639038085938e+00
4.334640026092529297e+00
4.353871822357177734e+00
4.335635662078857422e+00
4.370068073272705078e+00
4.343060970306396484e+00
4.334075927734375000e+00
4.325842857360839844e+00
4.337431907653808594e+00
4.335228919982910156e+00
4.346877098083496094e+00
4.331927299499511719e+00
4.333465099334716797e+00
4.331327915191650391e+00
4.325037479400634766e+00
4.316042423248291016e+00
4.310258865356445312e+00
4.312447547912597656e+00
4.302315711975097656e+00
4.316944122314453125e+00
4.304116725921630859e+00
4.300324440002441406e+00
4.299768447875976562e+00
4.295130252838134766e+00
4.302238464355468750e+00
4.296812057495117188e+00
4.290280342102050781e+00
4.316706657409667969e+00
4.337683677673339844e+00
4.319197654724121094e+00
4.308115005493164062e+00
4.297711849212646484e+00
4.290800094604492188e+00
4.292824268341064453e+00
4.306828498840332031e+00
4.308660030364990234e+00
4.339434623718261719e+00
4.316557884216308594e+00
4.314010620117187500e+00
4.307731151580810547e+00
4.307512283325195312e+00
4.291502475738525391e+00
4.299615859985351562e+00
4.294075965881347656e+00
4.296673297882080078e+00
4.298192977905273438e+00
4.308701038360595703e+00
4.365279197692871094e+00
4.392230510711669922e+00
4.361152648925781250e+00
4.357220649719238281e+00
4.357788085937500000e+00
4.363931179046630859e+00
4.386303901672363281e+00
4.378959655761718750e+00
4.377230644226074219e+00
4.386560916900634766e+00
4.399272441864013672e+00
4.395761013031005859e+00
4.393096446990966797e+00
4.396703243255615234e+00
4.383716583251953125e+00
4.373769283294677734e+00
4.371439933776855469e+00
4.349487781524658203e+00
4.344997882843017578e+00
4.342384338378906250e+00
4.342399597167968750e+00
4.331257820129394531e+00
4.323410511016845703e+00
4.325283527374267578e+00
4.319821357727050781e+00
4.321114540100097656e+00
4.311010360717773438e+00
4.306760311126708984e+00
4.305139064788818359e+00
4.307757854461669922e+00
4.304644584655761719e+00
4.310863971710205078e+00
4.293978214263916016e+00
4.294651508331298828e+00
4.298398971557617188e+00
4.299340724945068359e+00
4.294794559478759766e+00
4.301958084106445312e+00
4.298315525054931641e+00
4.300872802734375000e+00
4.296984672546386719e+00
4.293922901153564453e+00
4.288990497589111328e+00
4.290796756744384766e+00
4.288319587707519531e+00
4.289790630340576172e+00
4.291777133941650391e+00
4.287505149841308594e+00
4.288109302520751953e+00
4.288074016571044922e+00
4.284407138824462891e+00
4.287610054016113281e+00
4.289532184600830078e+00
4.375515937805175781e+00
4.375363826751708984e+00
4.348606586456298828e+00
4.342722415924072266e+00
4.325629234313964844e+00
4.316026210784912109e+00
4.320462226867675781e+00
4.314234256744384766e+00
4.309735774993896484e+00
4.298092842102050781e+00
4.308309555053710938e+00
4.313283443450927734e+00
4.306661128997802734e+00
4.330438137054443359e+00
4.330568313598632812e+00
4.322020530700683594e+00
4.312140941619873047e+00
4.304495811462402344e+00
4.298271179199218750e+00
4.302122592926025391e+00
4.293918132781982422e+00
4.325373649597167969e+00
4.301397800445556641e+00
4.311068058013916016e+00
4.301390171051025391e+00
4.296445846557617188e+00
4.309236049652099609e+00
4.299736499786376953e+00
4.292334556579589844e+00
4.293506622314453125e+00
4.308899402618408203e+00
4.326438426971435547e+00
4.304653167724609375e+00
4.294805049896240234e+00
4.299586772918701172e+00
4.297355651855468750e+00
4.289478302001953125e+00
4.295714855194091797e+00
4.292564392089843750e+00
4.294791698455810547e+00
4.296250343322753906e+00
4.284443378448486328e+00
4.283219814300537109e+00
4.286602973937988281e+00
4.286330223083496094e+00
4.290137767791748047e+00
4.284421443939208984e+00
4.287096977233886719e+00
4.279919147491455078e+00
4.289563179016113281e+00
4.294615745544433594e+00
4.279936790466308594e+00
4.293968200683593750e+00
4.293160438537597656e+00
4.310923576354980469e+00
4.302811622619628906e+00
4.300226688385009766e+00
4.296207904815673828e+00
4.355361938476562500e+00
4.339038848876953125e+00
4.346047401428222656e+00
4.345454692840576172e+00
4.341941833496093750e+00
4.327424049377441406e+00
4.323492050170898438e+00
4.322458744049072266e+00
4.326467514038085938e+00
4.315125942230224609e+00
4.306009769439697266e+00
4.302515506744384766e+00
4.304917335510253906e+00
4.311157703399658203e+00
4.303024291992187500e+00
4.302191257476806641e+00
4.300594329833984375e+00
4.294910907745361328e+00
4.299150943756103516e+00
4.295163631439208984e+00
4.340434074401855469e+00
4.331532478332519531e+00
4.353652477264404297e+00
4.340627670288085938e+00
4.345136642456054688e+00
4.360181808471679688e+00
4.346018791198730469e+00
4.336561203002929688e+00
4.333970069885253906e+00
4.334071159362792969e+00
4.318790912628173828e+00
4.312211513519287109e+00
4.311203479766845703e+00
4.298178195953369141e+00
4.295076370239257812e+00
4.289628982543945312e+00
4.290967464447021484e+00
4.293212413787841797e+00
4.294163227081298828e+00
4.289865016937255859e+00
4.286182403564453125e+00
4.284608840942382812e+00
4.293914318084716797e+00
4.375176906585693359e+00
4.354864597320556641e+00
4.336300373077392578e+00
4.336234092712402344e+00
4.326420783996582031e+00
4.336776733398437500e+00
4.338986873626708984e+00
4.337343692779541016e+00
4.335219860076904297e+00
4.346413135528564453e+00
4.341611862182617188e+00
4.343062400817871094e+00
4.351028919219970703e+00
4.330565452575683594e+00
4.319691181182861328e+00
4.317108631134033203e+00
4.310169696807861328e+00
4.301801204681396484e+00
4.298208713531494141e+00
4.293128967285156250e+00
4.300745010375976562e+00
4.290900230407714844e+00
4.287746429443359375e+00
4.286712169647216797e+00
4.277484416961669922e+00
4.284193992614746094e+00
4.284658432006835938e+00
4.281707286834716797e+00
4.284111499786376953e+00
4.283084869384765625e+00
4.283083915710449219e+00
4.282764434814453125e+00
4.278811454772949219e+00
4.280081748962402344e+00
4.287698268890380859e+00
4.299135208129882812e+00
4.294569492340087891e+00
4.287608146667480469e+00
4.284423828125000000e+00
4.280114173889160156e+00
4.278587341308593750e+00
4.286157131195068359e+00
4.286293029785156250e+00
4.398119449615478516e+00
4.310068130493164062e+00
4.311532974243164062e+00
4.301107883453369141e+00
4.297045230865478516e+00
4.287079811096191406e+00
4.289741039276123047e+00
4.294205665588378906e+00
4.301094055175781250e+00
4.318759441375732422e+00
4.308874607086181641e+00
4.303630352020263672e+00
4.363723278045654297e+00
4.348789691925048828e+00
4.322805881500244141e+00
4.309298515319824219e+00
4.338937759399414062e+00
4.306095123291015625e+00
4.298467636108398438e+00
4.312061786651611328e+00
4.327960014343261719e+00
4.307070732116699219e+00
4.304677963256835938e+00
4.307545185089111328e+00
4.329014301300048828e+00
4.332319259643554688e+00
4.314280509948730469e+00
4.317408084869384766e+00
4.313024997711181641e+00
4.315430164337158203e+00
4.314508914947509766e+00
4.311732769012451172e+00
4.301751613616943359e+00
4.296122074127197266e+00
4.292197704315185547e+00
4.291025638580322266e+00
4.289738178253173828e+00
4.288713932037353516e+00
4.288107395172119141e+00
4.293333053588867188e+00
4.281890392303466797e+00
4.274466037750244141e+00
4.278146266937255859e+00
4.311067581176757812e+00
4.310900211334228516e+00
4.296700000762939453e+00
4.292731285095214844e+00
4.322966575622558594e+00
4.314425468444824219e+00
4.319451808929443359e+00
4.308492183685302734e+00
4.314263343811035156e+00
4.304800033569335938e+00
4.302766799926757812e+00
4.333839893341064453e+00
4.328473567962646484e+00
4.339030742645263672e+00
4.333892822265625000e+00
4.327667713165283203e+00
4.322570323944091797e+00
4.326522350311279297e+00
4.321622848510742188e+00
4.311930656433105469e+00
4.308649539947509766e+00
4.309059619903564453e+00
4.336407184600830078e+00
4.328826904296875000e+00
4.315111637115478516e+00
4.305821895599365234e+00
4.292095184326171875e+00
4.292296409606933594e+00
4.291988849639892578e+00
4.286717414855957031e+00
4.281431198120117188e+00
4.284078598022460938e+00
4.274106025695800781e+00
4.272687911987304688e+00
4.272553920745849609e+00
4.281573295593261719e+00
4.276980400085449219e+00
4.283272743225097656e+00
4.275778293609619141e+00
4.351009845733642578e+00
4.323172569274902344e+00
4.310945510864257812e+00
4.313193321228027344e+00
4.302075862884521484e+00
4.309435844421386719e+00
4.300754547119140625e+00
4.294568538665771484e+00
4.290841579437255859e+00
4.283987045288085938e+00
4.280883312225341797e+00
4.282728195190429688e+00
4.277559280395507812e+00
4.278413772583007812e+00
4.272944450378417969e+00
4.277704238891601562e+00
4.267707824707031250e+00
4.276869773864746094e+00
4.273583412170410156e+00
4.278682231903076172e+00
4.275207042694091797e+00
4.267642974853515625e+00
4.271664619445800781e+00
4.266764163970947266e+00
4.274624824523925781e+00
4.265075206756591797e+00
4.271033287048339844e+00
4.266786575317382812e+00
4.264666080474853516e+00
4.269639492034912109e+00
4.264486789703369141e+00
4.275633811950683594e+00
4.263922691345214844e+00
4.430294990539550781e+00
4.338688850402832031e+00
4.335389137268066406e+00
4.315920829772949219e+00
4.301129341125488281e+00
4.301421642303466797e+00
4.304199218750000000e+00
4.325640678405761719e+00
4.327208042144775391e+00
4.313571929931640625e+00
4.375083446502685547e+00
4.328820705413818359e+00
4.316026687622070312e+00
4.326721191406250000e+00
4.303156375885009766e+00
4.296744346618652344e+00
4.293344020843505859e+00
4.290262699127197266e+00
4.322319984436035156e+00
4.339001655578613281e+00
4.303017616271972656e+00
4.291339874267578125e+00
4.288306713104248047e+00
4.284178256988525391e+00
4.281137466430664062e+00
4.281939506530761719e+00
4.288116455078125000e+00
4.310900211334228516e+00
4.326782703399658203e+00
4.299338340759277344e+00
4.289866924285888672e+00
4.282348155975341797e+00
4.301121234893798828e+00
4.299714565277099609e+00
4.285881042480468750e+00
4.285434246063232422e+00
4.284389019012451172e+00
4.282004356384277344e+00
4.281635284423828125e+00
4.282867908477783203e+00
4.274593830108642578e+00
4.273083686828613281e+00
4.273589611053466797e+00
4.279213905334472656e+00
4.272125244140625000e+00
4.281082153320312500e+00
4.273552894592285156e+00
4.272484302520751953e+00
4.267047405242919922e+00
4.287614822387695312e+00
4.295242786407470703e+00
4.280564785003662109e+00
4.290577411651611328e+00
4.290673255920410156e+00
4.310949802398681641e+00
4.307324409484863281e+00
4.303898811340332031e+00
4.301535606384277344e+00
4.297636508941650391e+00
4.290300369262695312e+00
4.283945560455322266e+00
4.283329486846923828e+00
4.289091110229492188e+00
4.276707649230957031e+00
4.281290531158447266e+00
4.278002738952636719e+00
4.281407356262207031e+00
4.277947425842285156e+00
4.274950027465820312e+00
4.272045135498046875e+00
4.278172492980957031e+00
4.279378414154052734e+00
4.272624492645263672e+00
4.279924869537353516e+00
4.282319545745849609e+00
4.277608394622802734e+00
4.270636558532714844e+00
4.275600433349609375e+00
4.271707057952880859e+00
4.281137466430664062e+00
4.312032699584960938e+00
4.294402122497558594e+00
4.289905548095703125e+00
4.299717426300048828e+00
4.297036170959472656e+00
4.294866085052490234e+00
4.287031650543212891e+00
4.291586875915527344e+00
4.284592151641845703e+00
4.285783290863037109e+00
4.276546001434326172e+00
4.279410362243652344e+00
4.269752979278564453e+00
4.274132728576660156e+00
4.275756359100341797e+00
4.271645069122314453e+00
4.276404380798339844e+00
4.281947612762451172e+00
4.269619464874267578e+00
4.268342494964599609e+00
4.266873836517333984e+00
4.267802238464355469e+00
4.262358188629150391e+00
4.272276401519775391e+00
4.270178794860839844e+00
4.271003723144531250e+00
4.271325111389160156e+00
4.274051189422607422e+00
4.292117118835449219e+00
4.294974803924560547e+00
4.291642665863037109e+00
4.291703224182128906e+00
4.284427642822265625e+00
4.277636528015136719e+00
4.277074813842773438e+00
4.291317939758300781e+00
4.318504333496093750e+00
4.296359062194824219e+00
4.332507610321044922e+00
4.306715488433837891e+00
4.312717914581298828e+00
4.310072898864746094e+00
4.292414188385009766e+00
4.313604831695556641e+00
4.331010818481445312e+00
4.320658683776855469e+00
4.317734241485595703e+00
4.296984672546386719e+00
4.289700031280517578e+00
4.294047355651855469e+00
4.291569709777832031e+00
4.283746719360351562e+00
4.286768436431884766e+00
4.282200813293457031e+00
4.275437355041503906e+00
4.275770664215087891e+00
4.331007480621337891e+00
4.310058116912841797e+00
4.322273731231689453e+00
4.297041893005371094e+00
4.303008079528808594e+00
4.290765285491943359e+00
4.302636146545410156e+00
4.296033859252929688e+00
4.328625202178955078e+00
4.325859546661376953e+00
4.308681488037109375e+00
4.304782390594482422e+00
4.300415992736816406e+00
4.295759677886962891e+00
4.285821914672851562e+00
4.289277553558349609e+00
4.285724639892578125e+00
4.281892299652099609e+00
4.285784244537353516e+00
4.303637027740478516e+00
4.298960208892822266e+00
4.290938854217529297e+00
4.291377067565917969e+00
4.290350914001464844e+00
4.290398597717285156e+00
4.329643249511718750e+00
4.323630809783935547e+00
4.302630424499511719e+00
4.292290210723876953e+00
4.286334037780761719e+00
4.276140689849853516e+00
4.284662246704101562e+00
4.284554481506347656e+00
4.282260417938232422e+00
4.285495281219482422e+00
4.267596244812011719e+00
4.281875133514404297e+00
4.266351222991943359e+00
4.272940635681152344e+00
4.284275531768798828e+00
4.275859355926513672e+00
4.343608379364013672e+00
4.337746620178222656e+00
4.305675506591796875e+00
4.344859600067138672e+00
4.392756462097167969e+00
4.323156356811523438e+00
4.311677932739257812e+00
4.297044277191162109e+00
4.304628372192382812e+00
4.319200515747070312e+00
4.310107231140136719e+00
4.328860282897949219e+00
4.330823421478271484e+00
4.353472709655761719e+00
4.351721763610839844e+00
4.346192836761474609e+00
4.340646743774414062e+00
4.329714298248291016e+00
4.347355842590332031e+00
4.342350959777832031e+00
4.355461120605468750e+00
4.350399017333984375e+00
4.324696540832519531e+00
4.340497493743896484e+00
4.328601360321044922e+00
4.316268444061279297e+00
4.318023681640625000e+00
4.307547092437744141e+00
4.342009544372558594e+00
4.315081596374511719e+00
4.302999019622802734e+00
4.295821666717529297e+00
4.286394119262695312e+00
4.290634632110595703e+00
4.290976047515869141e+00
4.282329559326171875e+00
4.283142566680908203e+00
4.284940242767333984e+00
4.277103424072265625e+00
4.277753829956054688e+00
4.280778884887695312e+00
4.273571491241455078e+00
4.281038284301757812e+00
4.270716190338134766e+00
4.263682365417480469e+00
4.268779277801513672e+00
4.274230003356933594e+00
4.269522190093994141e+00
4.271993160247802734e+00
4.267477035522460938e+00
4.270645141601562500e+00
4.274161338806152344e+00
4.266850948333740234e+00
4.268379211425781250e+00
4.272339820861816406e+00
4.264687061309814453e+00
4.262680053710937500e+00
4.259578227996826172e+00
4.342905521392822266e+00
4.337172031402587891e+00
4.316104412078857422e+00
4.296161174774169922e+00
4.290225028991699219e+00
4.277542114257812500e+00
4.290624618530273438e+00
4.290403366088867188e+00
4.281514644622802734e+00
4.282396316528320312e+00
4.292150497436523438e+00
4.282261848449707031e+00
4.275269508361816406e+00
4.289177894592285156e+00
4.274598598480224609e+00
4.279521942138671875e+00
4.279999256134033203e+00
4.296865940093994141e+00
4.277241706848144531e+00
4.275826930999755859e+00
4.279409408569335938e+00
4.277088642120361328e+00
4.273021221160888672e+00
4.265945434570312500e+00
4.277650833129882812e+00
4.270984649658203125e+00
4.262338638305664062e+00
4.275121212005615234e+00
4.271835803985595703e+00
4.260303974151611328e+00
4.269973278045654297e+00
4.271469116210937500e+00
4.266958236694335938e+00
4.260911464691162109e+00
4.264948368072509766e+00
4.262982368469238281e+00
4.259696483612060547e+00
4.264227867126464844e+00
4.294639110565185547e+00
4.289778232574462891e+00
4.294791698455810547e+00
4.283436775207519531e+00
4.287462711334228516e+00
4.286483287811279297e+00
4.291209697723388672e+00
4.279574394226074219e+00
4.284133911132812500e+00
4.272957801818847656e+00
4.275243282318115234e+00
4.268970489501953125e+00
4.269755363464355469e+00
4.281803607940673828e+00
4.269538402557373047e+00
4.303141593933105469e+00
4.269734859466552734e+00
4.267333507537841797e+00
4.262276649475097656e+00
4.268181800842285156e+00
4.268267154693603516e+00
4.265533924102783203e+00
4.258691787719726562e+00
4.262797832489013672e+00
4.259993076324462891e+00
4.266628265380859375e+00
4.259294509887695312e+00
4.259327888488769531e+00
4.282130241394042969e+00
4.322666645050048828e+00
4.277816295623779297e+00
4.289067268371582031e+00
4.267402172088623047e+00
4.271198749542236328e+00
4.268341064453125000e+00
4.274037837982177734e+00
4.274577140808105469e+00
4.290355205535888672e+00
4.278578281402587891e+00
4.266793251037597656e+00
4.278440952301025391e+00
4.262941360473632812e+00
4.256512165069580078e+00
4.260139465332031250e+00
4.263359069824218750e+00
4.262050151824951172e+00
4.271845817565917969e+00
4.260977268218994141e+00
4.260104656219482422e+00
4.266463279724121094e+00
4.265176773071289062e+00
4.261934280395507812e+00
4.258225917816162109e+00
4.256455898284912109e+00
4.256554126739501953e+00
4.254821777343750000e+00
4.262330532073974609e+00
4.257763862609863281e+00
4.265768527984619141e+00
4.250916957855224609e+00
4.256587505340576172e+00
4.260512351989746094e+00
4.261006355285644531e+00
4.258630752563476562e+00
4.254378318786621094e+00
4.260453224182128906e+00
4.260638713836669922e+00
4.264555454254150391e+00
4.262419700622558594e+00
4.257999897003173828e+00
4.265336513519287109e+00
4.264761447906494141e+00
4.254962921142578125e+00
4.263139724731445312e+00
4.255905628204345703e+00
4.261029720306396484e+00
4.254656791687011719e+00
4.258697509765625000e+00
4.257079601287841797e+00
4.260965824127197266e+00
4.259521484375000000e+00
4.268889904022216797e+00
4.256340980529785156e+00
4.261950492858886719e+00
4.269905567169189453e+00
4.267009735107421875e+00
4.259011268615722656e+00
4.254852294921875000e+00
4.248445510864257812e+00
4.261253833770751953e+00
4.256086826324462891e+00
4.252091884613037109e+00
4.255259037017822266e+00
4.262951850891113281e+00
4.265056610107421875e+00
4.258880138397216797e+00
4.257943630218505859e+00
4.259079456329345703e+00
4.256578445434570312e+00
4.255651473999023438e+00
4.261495590209960938e+00
4.331036090850830078e+00
4.304782390594482422e+00
4.291175365447998047e+00
4.311343669891357422e+00
4.292314529418945312e+00
4.277132511138916016e+00
4.390793800354003906e+00
4.341249465942382812e+00
4.356884002685546875e+00
4.363886356353759766e+00
4.357307910919189453e+00
4.350373744964599609e+00
4.343218803405761719e+00
4.323194026947021484e+00
4.330762863159179688e+00
4.318914890289306641e+00
4.314807415008544922e+00
4.302719593048095703e+00
4.296428203582763672e+00
4.288263797760009766e+00
4.296245574951171875e+00
4.306633949279785156e+00
4.301249504089355469e+00
4.314928531646728516e+00
4.327168941497802734e+00
4.323291301727294922e+00
4.298722743988037109e+00
4.298369884490966797e+00
4.298749446868896484e+00
4.288508892059326172e+00
4.281034469604492188e+00
4.282968521118164062e+00
4.276489734649658203e+00
4.282836437225341797e+00
4.268731594085693359e+00
4.264769077301025391e+00
4.275557041168212891e+00
4.271189212799072266e+00
4.268503665924072266e+00
4.265590667724609375e+00
4.270885944366455078e+00
4.278323173522949219e+00
4.271983623504638672e+00
4.274789333343505859e+00
4.271765232086181641e+00
4.288499832153320312e+00
4.287755966186523438e+00
4.299015998840332031e+00
4.299114704132080078e+00
4.292629718780517578e+00
4.302297592163085938e+00
4.294436931610107422e+00
4.276435375213623047e+00
4.283217430114746094e+00
4.273814201354980469e+00
4.278530597686767578e+00
4.277678489685058594e+00
4.277370452880859375e+00
4.274264335632324219e+00
4.269402980804443359e+00
4.272458076477050781e+00
4.283656120300292969e+00
4.266598224639892578e+00
4.272158622741699219e+00
4.268781661987304688e+00
4.268711566925048828e+00
4.272972106933593750e+00
4.260648250579833984e+00
4.262784004211425781e+00
4.260580062866210938e+00
4.257411479949951172e+00
4.257643699645996094e+00
4.251824378967285156e+00
4.260252952575683594e+00
4.261452198028564453e+00
4.261897087097167969e+00
4.253943920135498047e+00
4.259822845458984375e+00
4.260832786560058594e+00
4.260557174682617188e+00
4.259152889251708984e+00
4.262681961059570312e+00
4.269435882568359375e+00
4.272651195526123047e+00
4.258146286010742188e+00
4.261124610900878906e+00
4.259467124938964844e+00
4.263869762420654297e+00
4.260512351989746094e+00
4.267962932586669922e+00
4.262136936187744141e+00
4.255571365356445312e+00
4.258745670318603516e+00
4.258707523345947266e+00
4.259323120117187500e+00
4.255496025085449219e+00
4.260856628417968750e+00
4.266623973846435547e+00
4.294329166412353516e+00
4.266443252563476562e+00
4.259962081909179688e+00
4.264552593231201172e+00
4.259524822235107422e+00
4.258234024047851562e+00
4.256443977355957031e+00
4.255954742431640625e+00
4.255795001983642578e+00
4.259128570556640625e+00
4.253562927246093750e+00
4.259082317352294922e+00
4.257063865661621094e+00
4.256687164306640625e+00
4.263576507568359375e+00
4.258052825927734375e+00
4.263865470886230469e+00
4.283192157745361328e+00
4.269396781921386719e+00
4.261174678802490234e+00
4.255038738250732422e+00
4.269047737121582031e+00
4.267424583435058594e+00
4.271219253540039062e+00
4.259330749511718750e+00
4.261542320251464844e+00
4.272446155548095703e+00
4.260023117065429688e+00
4.256039619445800781e+00
4.262594699859619141e+00
4.256020545959472656e+00
4.262698173522949219e+00
4.257219314575195312e+00
4.258584499359130859e+00
4.262622356414794922e+00
4.258171081542968750e+00
4.297911167144775391e+00
4.369653701782226562e+00
4.290292739868164062e+00
4.266878604888916016e+00
4.259963512420654297e+00
4.257311344146728516e+00
4.264619827270507812e+00
4.255985260009765625e+00
4.252340316772460938e+00
4.259734153747558594e+00
4.249546051025390625e+00
4.249918937683105469e+00
4.254071235656738281e+00
4.257853507995605469e+00
4.252005577087402344e+00
4.256183624267578125e+00
4.252605915069580078e+00
4.260933876037597656e+00
4.251242160797119141e+00
4.257883071899414062e+00
4.259031295776367188e+00
4.260878562927246094e+00
4.256610870361328125e+00
4.257715702056884766e+00
4.251981258392333984e+00
4.260034084320068359e+00
4.262416839599609375e+00
4.251893520355224609e+00
4.259737491607666016e+00
4.252806186676025391e+00
4.257998943328857422e+00
4.254333972930908203e+00
4.252053737640380859e+00
4.259503364562988281e+00
4.253026962280273438e+00
4.258419036865234375e+00
4.254020214080810547e+00
4.254418373107910156e+00
4.257554531097412109e+00
4.254704475402832031e+00
4.259609222412109375e+00
4.253124713897705078e+00
4.254628181457519531e+00
4.250537872314453125e+00
4.245788097381591797e+00
4.266026496887207031e+00
4.265919685363769531e+00
4.260098457336425781e+00
4.258833885192871094e+00
4.254563331604003906e+00
4.255531787872314453e+00
4.258735179901123047e+00
4.251672267913818359e+00
4.254100322723388672e+00
4.276381015777587891e+00
4.261700630187988281e+00
4.254138469696044922e+00
4.261535644531250000e+00
4.262434005737304688e+00
4.266101837158203125e+00
4.262123107910156250e+00
4.258504390716552734e+00
4.261275768280029297e+00
4.258667469024658203e+00
4.262435913085937500e+00
4.255579471588134766e+00
4.253167629241943359e+00
4.255095005035400391e+00
4.253670215606689453e+00
4.257998943328857422e+00
4.253060340881347656e+00
4.257350921630859375e+00
4.252770900726318359e+00
4.257514476776123047e+00
4.252887725830078125e+00
4.260774135589599609e+00
4.254056930541992188e+00
4.263919353485107422e+00
4.251481533050537109e+00
4.251811981201171875e+00
4.257883071899414062e+00
4.251351833343505859e+00
4.256569385528564453e+00
4.261497020721435547e+00
4.259582519531250000e+00
4.258387565612792969e+00
4.267054080963134766e+00
4.248764991760253906e+00
4.256916522979736328e+00
4.256067752838134766e+00
4.254566192626953125e+00
4.262639999389648438e+00
4.515959739685058594e+00
4.451142787933349609e+00
4.370341777801513672e+00
4.329973697662353516e+00
4.322889328002929688e+00
4.307736396789550781e+00
4.291752338409423828e+00
4.278673171997070312e+00
4.275840759277343750e+00
4.272069454193115234e+00
4.290237903594970703e+00
4.277252674102783203e+00
4.269043922424316406e+00
4.275866031646728516e+00
4.269610404968261719e+00
4.264093399047851562e+00
4.265521049499511719e+00
4.272658348083496094e+00
4.265471458435058594e+00
4.260355949401855469e+00
4.261726856231689453e+00
4.264933109283447266e+00
4.260473728179931641e+00
4.258128643035888672e+00
4.275594711303710938e+00
4.256953239440917969e+00
4.258564472198486328e+00
4.258273601531982422e+00
4.262329101562500000e+00
4.259964466094970703e+00
4.258351802825927734e+00
4.262609958648681641e+00
4.249828815460205078e+00
4.255334854125976562e+00
4.258909702301025391e+00
4.260967731475830078e+00
4.259984493255615234e+00
4.263290882110595703e+00
4.255628108978271484e+00
4.256986618041992188e+00
4.259353160858154297e+00
4.254843711853027344e+00
4.256405830383300781e+00
4.259893417358398438e+00
4.262455463409423828e+00
4.255020618438720703e+00
4.252372741699218750e+00
4.257552623748779297e+00
4.252206325531005859e+00
4.255074024200439453e+00
4.257374763488769531e+00
4.249065399169921875e+00
4.249110221862792969e+00
4.252069950103759766e+00
4.297263145446777344e+00
4.302028179168701172e+00
4.276221275329589844e+00
4.269369602203369141e+00
4.275041103363037109e+00
4.269200325012207031e+00
4.286423683166503906e+00
4.323696136474609375e+00
4.326063632965087891e+00
4.307720661163330078e+00
4.305136680603027344e+00
4.286252021789550781e+00
4.288997650146484375e+00
4.292334079742431641e+00
4.268974304199218750e+00
4.270608901977539062e+00
4.309961318969726562e+00
4.297418117523193359e+00
4.307751178741455078e+00
4.286973476409912109e+00
4.279399394989013672e+00
4.277187347412109375e+00
4.275346755981445312e+00
4.292523384094238281e+00
4.305322647094726562e+00
4.283545017242431641e+00
4.278612613677978516e+00
4.278902530670166016e+00
4.280373573303222656e+00
4.272312164306640625e+00
4.267457008361816406e+00
4.263096809387207031e+00
4.267250061035156250e+00
4.254752159118652344e+00
4.255571365356445312e+00
4.255110740661621094e+00
4.255114078521728516e+00
4.255017280578613281e+00
4.254914283752441406e+00
4.254760742187500000e+00
4.254662036895751953e+00
4.254696846008300781e+00
4.254542827606201172e+00
4.254311084747314453e+00
4.254140377044677734e+00
4.253956317901611328e+00
4.253841876983642578e+00
4.253574371337890625e+00
4.253438949584960938e+00
4.253269672393798828e+00
4.253031730651855469e+00
4.252894878387451172e+00
4.252696514129638672e+00
4.252505779266357422e+00
4.252270221710205078e+00
4.252038478851318359e+00
4.251817226409912109e+00
4.251579284667968750e+00
4.251326560974121094e+00
4.251111507415771484e+00
4.250874996185302734e+00
4.250636577606201172e+00
4.250401496887207031e+00
4.250183582305908203e+00
4.249962806701660156e+00
4.249785900115966797e+00
4.249592781066894531e+00
4.249402046203613281e+00
4.249204635620117188e+00
4.249014377593994141e+00
4.248843193054199219e+00
4.248680591583251953e+00
4.248532295227050781e+00
4.248373985290527344e+00
4.248208045959472656e+00
4.248048305511474609e+00
4.247892379760742188e+00
4.247749805450439453e+00
4.247591495513916016e+00
4.247460842132568359e+00
4.247333049774169922e+00
4.247209072113037109e+00
4.247081756591796875e+00
4.246961116790771484e+00
4.246837139129638672e+00
4.246715545654296875e+00
4.246615409851074219e+00
4.246502876281738281e+00
4.246389865875244141e+00
4.246283054351806641e+00
4.246178627014160156e+00
4.246082782745361328e+00
4.245977878570556641e+00
4.245865345001220703e+00
4.245761394500732422e+00
4.245667934417724609e+00
4.245575904846191406e+00
4.245482444763183594e+00
4.245384216308593750e+00
4.245282649993896484e+00
4.245186805725097656e+00
4.245081901550292969e+00
4.244987964630126953e+00
4.244886875152587891e+00
4.244791984558105469e+00
4.244699954986572266e+00
4.244613647460937500e+00
4.244531154632568359e+00
4.244452953338623047e+00
4.244367122650146484e+00
4.244287014007568359e+00
4.244201660156250000e+00
4.244113922119140625e+00
4.244032382965087891e+00
4.243951797485351562e+00
4.243872642517089844e+00
4.243797302246093750e+00
4.243721008300781250e+00
4.243643760681152344e+00
4.243563652038574219e+00
4.243482589721679688e+00
4.243406772613525391e+00
4.243333339691162109e+00
4.243260383605957031e+00
4.243187904357910156e+00
4.243118762969970703e+00
4.243046283721923828e+00
4.242976665496826172e+00
4.242904663085937500e+00
4.242831707000732422e+00
4.242763519287109375e+00
4.242692470550537109e+00
4.242617607116699219e+00
4.242554187774658203e+00
4.242488384246826172e+00
4.242420196533203125e+00
4.242347717285156250e+00
4.242274284362792969e+00
4.242203712463378906e+00
4.242138385772705078e+00
4.242074489593505859e+00
4.242009162902832031e+00
4.241947174072265625e+00
4.241882324218750000e+00
4.241814613342285156e+00
4.241746425628662109e+00
4.241684913635253906e+00
4.241621017456054688e+00
4.241549491882324219e+00
4.241488456726074219e+00
4.241430282592773438e+00
4.241367340087890625e+00
4.241306304931640625e+00
4.241245746612548828e+00
4.241178035736083984e+00
4.241118907928466797e+00
4.241057395935058594e+00
4.241001605987548828e+00
4.240940570831298828e+00
4.240878105163574219e+00
4.240829944610595703e+00
4.240776062011718750e+00
4.240722179412841797e+00
4.240665912628173828e+00
4.240608215332031250e+00
4.240550041198730469e+00
4.240488529205322266e+00
4.240433216094970703e+00
4.240375995635986328e+00
4.240319252014160156e+00
4.240267753601074219e+00
4.240209579467773438e+00
4.240160465240478516e+00
4.240105628967285156e+00
4.240055084228515625e+00
4.239999771118164062e+00
4.239950656890869141e+00
4.239896774291992188e+00
4.239842891693115234e+00
4.239790916442871094e+00
4.239737033843994141e+00
4.239682197570800781e+00
4.239629268646240234e+00
4.239575862884521484e+00
4.239523410797119141e+00
4.239474296569824219e+00
4.239422321319580078e+00
4.239373683929443359e+00
4.239329338073730469e+00
4.239285469055175781e+00
4.239238262176513672e+00
4.239189624786376953e+00
4.239142417907714844e+00
4.239092826843261719e+00
4.239045619964599609e+00
4.238995075225830078e+00
4.238948822021484375e+00
4.238899230957031250e+00
4.238845825195312500e+00
4.238796234130859375e+00
4.238742351531982422e+00
4.238691329956054688e+00
4.238641262054443359e+00
4.238592624664306641e+00
4.238543033599853516e+00
4.238488197326660156e+00
4.238438129425048828e+00
4.238387107849121094e+00
4.238338470458984375e+00
4.238287925720214844e+00
4.238237857818603516e+00
4.238188743591308594e+00
4.238138198852539062e+00
4.238092899322509766e+00
4.238039493560791016e+00
4.237994670867919922e+00
4.237945556640625000e+00
4.237896919250488281e+00
4.237851619720458984e+00
4.237805366516113281e+00
4.237761974334716797e+00
4.237715721130371094e+00
4.237672328948974609e+00
4.237626075744628906e+00
4.237581729888916016e+00
4.237539291381835938e+00
4.237494468688964844e+00
4.237448692321777344e+00
4.237404823303222656e+00
4.237356185913085938e+00
4.237309455871582031e+00
4.237264156341552734e+00
4.237214565277099609e+00
4.237175464630126953e+00
4.237127780914306641e+00
4.237089157104492188e+00
4.237041473388671875e+00
4.236999988555908203e+00
4.236950397491455078e+00
4.236909866333007812e+00
4.236863136291503906e+00
4.236816883087158203e+00
4.236774444580078125e+00
4.236729621887207031e+00
4.236682891845703125e+00
4.236642360687255859e+00
4.236597537994384766e+00
4.236555099487304688e+00
4.236515522003173828e+00
4.236475944519042969e+00
4.236430168151855469e+00
4.236390590667724609e+00
4.236351966857910156e+00
4.236307144165039062e+00
4.236267089843750000e+00
4.236227989196777344e+00
4.236189842224121094e+00
4.236145973205566406e+00
4.236107826232910156e+00
4.236068248748779297e+00
4.236027240753173828e+00
