6.203549385070800781e+00
5.865214824676513672e+00
5.574521541595458984e+00
5.384830474853515625e+00
5.258908271789550781e+00
5.188823699951171875e+00
5.073736190795898438e+00
5.008594036102294922e+00
5.199558734893798828e+00
5.011763572692871094e+00
4.951979160308837891e+00
4.918836116790771484e+00
4.912742137908935547e+00
4.849740505218505859e+00
4.818283557891845703e+00
4.790381431579589844e+00
4.835123538970947266e+00
4.751262664794921875e+00
4.728114604949951172e+00
4.719754695892333984e+00
4.688486576080322266e+00
4.670636177062988281e+00
4.666023254394531250e+00
4.637520790100097656e+00
4.633675098419189453e+00
4.615047454833984375e+00
4.606578350067138672e+00
4.599028110504150391e+00
4.582261085510253906e+00
4.581924438476562500e+00
4.578520774841308594e+00
4.590116024017333984e+00
4.556660652160644531e+00
4.555424690246582031e+00
4.551337718963623047e+00
4.525450706481933594e+00
4.525217056274414062e+00
4.511418819427490234e+00
4.517605304718017578e+00
4.506625175476074219e+00
4.658926010131835938e+00
4.556686878204345703e+00
4.527153491973876953e+00
4.518207550048828125e+00
4.510370254516601562e+00
4.500618457794189453e+00
4.488758563995361328e+00
4.504066944122314453e+00
4.521015644073486328e+00
4.504334926605224609e+00
4.520414829254150391e+00
4.518016338348388672e+00
4.512424945831298828e+00
4.487754344940185547e+00
4.476681709289550781e+00
4.469845771789550781e+00
4.474535942077636719e+00
4.467285156250000000e+00
4.479282855987548828e+00
4.485201835632324219e+00
4.460595607757568359e+00
4.454246997833251953e+00
4.468880653381347656e+00
4.478212833404541016e+00
4.447178363800048828e+00
4.435691356658935547e+00
4.444506645202636719e+00
4.433323383331298828e+00
4.428085327148437500e+00
4.426628589630126953e+00
4.429429531097412109e+00
4.417494297027587891e+00
4.419669628143310547e+00
4.413214206695556641e+00
4.503094196319580078e+00
4.425515651702880859e+00
4.414193630218505859e+00
4.413057804107666016e+00
4.406172275543212891e+00
4.408379554748535156e+00
4.443052291870117188e+00
4.407339572906494141e+00
4.404770374298095703e+00
4.591915607452392578e+00
4.484210014343261719e+00
4.482040405273437500e+00
4.468355655670166016e+00
4.452145099639892578e+00
4.436324119567871094e+00
4.427588462829589844e+00
4.424211978912353516e+00
4.403501033782958984e+00
4.402292251586914062e+00
4.396984577178955078e+00
4.454698085784912109e+00
4.422619819641113281e+00
4.420084953308105469e+00
4.403018951416015625e+00
4.397817134857177734e+00
4.399928569793701172e+00
4.399585247039794922e+00
4.397647857666015625e+00
4.389030933380126953e+00
4.380766868591308594e+00
4.375917911529541016e+00
4.383523464202880859e+00
4.378001213073730469e+00
4.426862239837646484e+00
4.430323600769042969e+00
4.428564548492431641e+00
4.402920722961425781e+00
4.447323322296142578e+00
4.417723655700683594e+00
4.398777961730957031e+00
4.399252891540527344e+00
4.389898777008056641e+00
4.443171024322509766e+00
4.395324707031250000e+00
4.387881278991699219e+00
4.374556541442871094e+00
4.375889301300048828e+00
4.373285770416259766e+00
4.368217945098876953e+00
4.363316535949707031e+00
4.360935211181640625e+00
4.446803092956542969e+00
4.443713188171386719e+00
4.423439979553222656e+00
4.458587646484375000e+00
4.429739475250244141e+00
4.416122436523437500e+00
4.400914192199707031e+00
4.407474040985107422e+00
4.403992652893066406e+00
4.397397041320800781e+00
4.409245491027832031e+00
4.429490566253662109e+00
4.414779663085937500e+00
4.398985862731933594e+00
4.424535751342773438e+00
4.402941226959228516e+00
4.385958194732666016e+00
4.379902839660644531e+00
4.381806850433349609e+00
4.375132560729980469e+00
4.374791622161865234e+00
4.373674392700195312e+00
4.361137866973876953e+00
4.357169628143310547e+00
4.365647315979003906e+00
4.392757415771484375e+00
4.393863677978515625e+00
4.375569343566894531e+00
4.375840187072753906e+00
4.385060310363769531e+00
4.383925437927246094e+00
4.382757186889648438e+00
4.376142978668212891e+00
4.369225978851318359e+00
4.368393421173095703e+00
4.355347633361816406e+00
4.360870361328125000e+00
4.356282711029052734e+00
4.356704711914062500e+00
4.354235172271728516e+00
4.351636409759521484e+00
4.347835540771484375e+00
4.375368118286132812e+00
4.365554332733154297e+00
4.372059822082519531e+00
4.364789485931396484e+00
4.358122348785400391e+00
4.358215808868408203e+00
4.359112262725830078e+00
4.351827621459960938e+00
4.351397991180419922e+00
4.345923423767089844e+00
4.341816425323486328e+00
4.336882591247558594e+00
4.338087081909179688e+00
4.340427398681640625e+00
4.334994792938232422e+00
4.342858314514160156e+00
4.335885047912597656e+00
4.340186595916748047e+00
4.337309360504150391e+00
4.329426765441894531e+00
4.332181453704833984e+00
4.370335102081298828e+00
4.344160079956054688e+00
4.329705715179443359e+00
4.331821918487548828e+00
4.321712970733642578e+00
4.321278095245361328e+00
4.322239398956298828e+00
4.312478542327880859e+00
4.322990417480468750e+00
4.315306186676025391e+00
4.322099685668945312e+00
4.316164493560791016e+00
4.317344188690185547e+00
4.321776866912841797e+00
4.322930335998535156e+00
4.317601680755615234e+00
4.313151359558105469e+00
4.319280147552490234e+00
4.317642688751220703e+00
4.318109512329101562e+00
4.318661689758300781e+00
4.313254833221435547e+00
4.312925338745117188e+00
4.311703681945800781e+00
4.309761524200439453e+00
4.309487342834472656e+00
4.314779758453369141e+00
4.315903663635253906e+00
4.312037944793701172e+00
4.308576583862304688e+00
4.309311389923095703e+00
4.307113647460937500e+00
4.307563304901123047e+00
4.308603286743164062e+00
4.323733806610107422e+00
4.357572555541992188e+00
4.332564353942871094e+00
4.323667049407958984e+00
4.324361324310302734e+00
4.315649032592773438e+00
4.310585975646972656e+00
4.319746494293212891e+00
4.307118892669677734e+00
4.306095123291015625e+00
4.312288761138916016e+00
4.306619167327880859e+00
4.314376354217529297e+00
4.312906742095947266e+00
4.321440219879150391e+00
4.310443401336669922e+00
4.313504219055175781e+00
4.310002803802490234e+00
4.312106132507324219e+00
4.304331779479980469e+00
4.311916351318359375e+00
4.311141490936279297e+00
4.303910255432128906e+00
4.307624340057373047e+00
4.313112258911132812e+00
4.302622795104980469e+00
4.309745788574218750e+00
4.308930873870849609e+00
4.311147212982177734e+00
4.301355361938476562e+00
4.307319164276123047e+00
4.303124904632568359e+00
4.313579559326171875e+00
4.302496910095214844e+00
4.301698684692382812e+00
4.307732582092285156e+00
4.298909664154052734e+00
4.311283588409423828e+00
4.311048507690429688e+00
4.296519756317138672e+00
4.305657386779785156e+00
4.306185245513916016e+00
4.310938358306884766e+00
4.300182819366455078e+00
4.301035404205322266e+00
4.310088157653808594e+00
4.302126884460449219e+00
4.305999279022216797e+00
4.296659469604492188e+00
4.291733264923095703e+00
4.301100254058837891e+00
4.300668239593505859e+00
4.301237583160400391e+00
4.298107624053955078e+00
4.299656867980957031e+00
4.300272941589355469e+00
4.298653125762939453e+00
4.297082901000976562e+00
4.302947998046875000e+00
4.297505378723144531e+00
4.300360679626464844e+00
4.301679134368896484e+00
4.295111179351806641e+00
4.302134990692138672e+00
4.304221630096435547e+00
4.297148704528808594e+00
4.300895214080810547e+00
4.306061744689941406e+00
4.298511505126953125e+00
4.296792507171630859e+00
4.304354190826416016e+00
4.291255950927734375e+00
4.301504135131835938e+00
4.297537803649902344e+00
4.298024177551269531e+00
4.294752120971679688e+00
4.302544593811035156e+00
4.306941032409667969e+00
4.312726974487304688e+00
4.293198108673095703e+00
4.301687240600585938e+00
4.290313243865966797e+00
4.293063163757324219e+00
4.297216892242431641e+00
4.293424129486083984e+00
4.296730995178222656e+00
4.292244911193847656e+00
4.296597003936767578e+00
4.301581382751464844e+00
4.296685695648193359e+00
4.299393653869628906e+00
4.304687023162841797e+00
4.289230823516845703e+00
4.301481723785400391e+00
4.313328266143798828e+00
4.299806118011474609e+00
4.298362731933593750e+00
4.303349494934082031e+00
4.296776771545410156e+00
4.296484947204589844e+00
4.292893409729003906e+00
4.295180797576904297e+00
4.295144081115722656e+00
4.294347763061523438e+00
4.305919647216796875e+00
4.302016258239746094e+00
4.293579101562500000e+00
4.294233322143554688e+00
4.291919708251953125e+00
4.288212299346923828e+00
4.291531085968017578e+00
4.296640396118164062e+00
4.290740966796875000e+00
4.289927005767822266e+00
4.293854713439941406e+00
4.305310249328613281e+00
4.293481826782226562e+00
4.296148300170898438e+00
4.290301322937011719e+00
4.297402381896972656e+00
4.289466857910156250e+00
4.295719623565673828e+00
4.293186664581298828e+00
4.287865161895751953e+00
4.296076297760009766e+00
4.294517993927001953e+00
4.296510219573974609e+00
4.292222976684570312e+00
4.290972709655761719e+00
4.288034439086914062e+00
4.294165611267089844e+00
4.288681507110595703e+00
4.296800136566162109e+00
4.283377647399902344e+00
4.287679195404052734e+00
4.286854743957519531e+00
4.297378063201904297e+00
4.297429084777832031e+00
4.298590660095214844e+00
4.298388957977294922e+00
4.303029060363769531e+00
4.296703815460205078e+00
4.289800643920898438e+00
4.299946784973144531e+00
4.295645236968994141e+00
4.293355941772460938e+00
4.285238742828369141e+00
4.306837081909179688e+00
4.288521289825439453e+00
4.293805122375488281e+00
4.303988933563232422e+00
4.296672344207763672e+00
4.294341087341308594e+00
4.291222095489501953e+00
4.286478996276855469e+00
4.296511650085449219e+00
4.293385505676269531e+00
4.295075893402099609e+00
4.291059970855712891e+00
4.290588378906250000e+00
4.313787460327148438e+00
4.315141201019287109e+00
4.306241512298583984e+00
4.310525894165039062e+00
4.325482368469238281e+00
4.316854000091552734e+00
4.331737041473388672e+00
4.319203853607177734e+00
4.305401325225830078e+00
4.302228927612304688e+00
4.301022529602050781e+00
4.299651622772216797e+00
4.295246124267578125e+00
4.300172805786132812e+00
4.292310237884521484e+00
4.299011707305908203e+00
4.289741516113281250e+00
4.296586513519287109e+00
4.292653560638427734e+00
4.288373947143554688e+00
4.293334960937500000e+00
4.291896820068359375e+00
4.290131568908691406e+00
4.290676116943359375e+00
4.292717933654785156e+00
4.291608810424804688e+00
4.285807609558105469e+00
4.282944679260253906e+00
4.293429374694824219e+00
4.286536216735839844e+00
4.280070304870605469e+00
4.288013458251953125e+00
4.291709899902343750e+00
4.283012866973876953e+00
4.286959171295166016e+00
4.314769268035888672e+00
4.309254646301269531e+00
4.299458026885986328e+00
4.292634010314941406e+00
4.301399230957031250e+00
4.295042037963867188e+00
4.307189941406250000e+00
4.302839756011962891e+00
4.345368385314941406e+00
4.321970939636230469e+00
4.318820476531982422e+00
4.308998107910156250e+00
4.302441120147705078e+00
4.366573810577392578e+00
4.381955623626708984e+00
4.370686531066894531e+00
4.353229045867919922e+00
4.332788944244384766e+00
4.315351963043212891e+00
4.323278903961181641e+00
4.356964588165283203e+00
4.348764896392822266e+00
4.336604118347167969e+00
4.323768615722656250e+00
4.316528797149658203e+00
4.320576667785644531e+00
4.329259872436523438e+00
4.320382595062255859e+00
4.336635112762451172e+00
4.324793338775634766e+00
4.316214084625244141e+00
4.316963672637939453e+00
4.319881916046142578e+00
4.306955337524414062e+00
4.294591426849365234e+00
4.305462360382080078e+00
4.304986953735351562e+00
4.304636478424072266e+00
4.298576831817626953e+00
4.313056945800781250e+00
4.328452587127685547e+00
4.319025516510009766e+00
4.315137386322021484e+00
4.307124614715576172e+00
4.319702625274658203e+00
4.300359249114990234e+00
4.299631595611572266e+00
4.293892860412597656e+00
4.294757366180419922e+00
4.296183586120605469e+00
4.302290916442871094e+00
4.298345088958740234e+00
4.292288303375244141e+00
4.294947624206542969e+00
4.333795070648193359e+00
4.311808109283447266e+00
4.294492721557617188e+00
4.319071769714355469e+00
4.301794052124023438e+00
4.305974006652832031e+00
4.302991867065429688e+00
4.302452564239501953e+00
4.306661605834960938e+00
4.288525104522705078e+00
4.298599243164062500e+00
4.294410228729248047e+00
4.292853355407714844e+00
4.301991462707519531e+00
4.366795063018798828e+00
4.322446346282958984e+00
4.309849739074707031e+00
4.302822589874267578e+00
4.331544399261474609e+00
4.311408996582031250e+00
4.306396484375000000e+00
4.294338703155517578e+00
4.292051315307617188e+00
4.301428794860839844e+00
4.294157028198242188e+00
4.298148155212402344e+00
4.291898250579833984e+00
4.287971496582031250e+00
4.285402297973632812e+00
4.282723903656005859e+00
4.282511234283447266e+00
4.317257881164550781e+00
4.293260574340820312e+00
4.292702198028564453e+00
4.295828819274902344e+00
4.290529727935791016e+00
4.287647247314453125e+00
4.280985355377197266e+00
4.284534931182861328e+00
4.292746543884277344e+00
4.288527488708496094e+00
4.286924362182617188e+00
4.280142784118652344e+00
4.285573482513427734e+00
4.296412467956542969e+00
4.294494628906250000e+00
4.287380218505859375e+00
4.282932281494140625e+00
4.285812377929687500e+00
4.300240039825439453e+00
4.289731502532958984e+00
4.284402370452880859e+00
4.280620574951171875e+00
4.291689872741699219e+00
4.277709484100341797e+00
4.283385276794433594e+00
4.291399955749511719e+00
4.286912441253662109e+00
4.279897212982177734e+00
4.282059192657470703e+00
4.290264129638671875e+00
4.276965618133544922e+00
4.280823707580566406e+00
4.274689674377441406e+00
4.283795356750488281e+00
4.281657695770263672e+00
4.286148548126220703e+00
4.279233455657958984e+00
4.274339675903320312e+00
4.281980991363525391e+00
4.290300369262695312e+00
4.276469707489013672e+00
4.277294635772705078e+00
4.287451267242431641e+00
4.285378932952880859e+00
4.285403251647949219e+00
4.289546489715576172e+00
4.287540912628173828e+00
4.278767108917236328e+00
4.278718948364257812e+00
4.286128997802734375e+00
4.298516750335693359e+00
4.289327621459960938e+00
4.296367168426513672e+00
4.279449939727783203e+00
4.288885116577148438e+00
4.283132553100585938e+00
4.283835411071777344e+00
4.275710105895996094e+00
4.291834354400634766e+00
4.287982940673828125e+00
4.276425361633300781e+00
4.294205188751220703e+00
4.278382778167724609e+00
4.271287441253662109e+00
4.279065608978271484e+00
4.281038761138916016e+00
4.279190540313720703e+00
4.280121326446533203e+00
4.276451110839843750e+00
4.280320644378662109e+00
4.278195381164550781e+00
4.292216300964355469e+00
4.278399944305419922e+00
4.274164199829101562e+00
4.272275924682617188e+00
4.276061058044433594e+00
4.273446559906005859e+00
4.279967784881591797e+00
4.285034656524658203e+00
4.279054164886474609e+00
4.271158218383789062e+00
4.273389816284179688e+00
4.281059265136718750e+00
4.283935546875000000e+00
4.270368099212646484e+00
4.281657695770263672e+00
4.278861045837402344e+00
4.270024299621582031e+00
4.281979560852050781e+00
4.281105995178222656e+00
4.281110763549804688e+00
4.276708602905273438e+00
4.300807952880859375e+00
4.287789821624755859e+00
4.282201290130615234e+00
4.301192283630371094e+00
4.300024032592773438e+00
4.301304817199707031e+00
4.294376373291015625e+00
4.345390319824218750e+00
4.316301345825195312e+00
4.305826663970947266e+00
4.300312519073486328e+00
4.298284053802490234e+00
4.291025161743164062e+00
4.288723468780517578e+00
4.285586833953857422e+00
4.284911632537841797e+00
4.281532287597656250e+00
4.282763957977294922e+00
4.276875972747802734e+00
4.282646656036376953e+00
4.291640281677246094e+00
4.307506084442138672e+00
4.300309658050537109e+00
4.306585311889648438e+00
4.301154613494873047e+00
4.296336650848388672e+00
4.282794952392578125e+00
4.283833503723144531e+00
4.289112567901611328e+00
4.282672405242919922e+00
4.280918121337890625e+00
4.279075145721435547e+00
4.277942657470703125e+00
4.275751590728759766e+00
4.275608539581298828e+00
4.283700466156005859e+00
4.280774593353271484e+00
4.280462265014648438e+00
4.292648315429687500e+00
4.278964996337890625e+00
4.283478260040283203e+00
4.283303737640380859e+00
4.275835990905761719e+00
4.274605274200439453e+00
4.279226303100585938e+00
4.274991512298583984e+00
4.281973361968994141e+00
4.277336120605468750e+00
4.275718212127685547e+00
4.282735824584960938e+00
4.274922370910644531e+00
4.272175312042236328e+00
4.285799980163574219e+00
4.276980876922607422e+00
4.278689861297607422e+00
4.277983665466308594e+00
4.285102367401123047e+00
4.275403499603271484e+00
4.278393745422363281e+00
4.299431800842285156e+00
4.303393363952636719e+00
4.285193920135498047e+00
4.292480468750000000e+00
4.297500133514404297e+00
4.281215667724609375e+00
4.282253742218017578e+00
4.303994178771972656e+00
4.290334701538085938e+00
4.290913581848144531e+00
4.286959171295166016e+00
4.305309772491455078e+00
4.281484603881835938e+00
4.281950473785400391e+00
4.277236938476562500e+00
4.283642292022705078e+00
4.278316020965576172e+00
4.275880813598632812e+00
4.276584148406982422e+00
4.274469375610351562e+00
4.275290966033935547e+00
4.278759002685546875e+00
4.281156063079833984e+00
4.272253990173339844e+00
4.286128520965576172e+00
4.280015945434570312e+00
4.271502971649169922e+00
4.289541244506835938e+00
4.278111934661865234e+00
4.275840282440185547e+00
4.280565261840820312e+00
4.275282382965087891e+00
4.284445285797119141e+00
4.346636772155761719e+00
4.311806678771972656e+00
4.332911968231201172e+00
4.298109531402587891e+00
4.296165943145751953e+00
4.297816753387451172e+00
4.289958953857421875e+00
4.289151191711425781e+00
4.280159950256347656e+00
4.286753654479980469e+00
4.287787437438964844e+00
4.278078079223632812e+00
4.281297206878662109e+00
4.277909278869628906e+00
4.279370307922363281e+00
4.285737514495849609e+00
4.284187316894531250e+00
4.274556159973144531e+00
4.285661697387695312e+00
4.293096065521240234e+00
4.290600776672363281e+00
4.284625530242919922e+00
4.279608249664306641e+00
4.300569534301757812e+00
4.286653041839599609e+00
4.289766788482666016e+00
4.285002231597900391e+00
4.276591777801513672e+00
4.280121326446533203e+00
4.365020275115966797e+00
4.279258728027343750e+00
4.278617858886718750e+00
4.270232200622558594e+00
4.269117355346679688e+00
4.277981758117675781e+00
4.279714584350585938e+00
4.293228149414062500e+00
4.293475151062011719e+00
4.317779064178466797e+00
4.294025897979736328e+00
4.290390014648437500e+00
4.286095142364501953e+00
4.275751590728759766e+00
4.282706737518310547e+00
4.284727573394775391e+00
4.281828880310058594e+00
4.281953811645507812e+00
4.275841236114501953e+00
4.269388675689697266e+00
4.285611152648925781e+00
4.314561367034912109e+00
4.296566486358642578e+00
4.303871631622314453e+00
4.286594390869140625e+00
4.286539077758789062e+00
4.280426025390625000e+00
4.309408187866210938e+00
4.299180030822753906e+00
4.291448593139648438e+00
4.286960124969482422e+00
4.288207530975341797e+00
4.279338359832763672e+00
4.276477813720703125e+00
4.279493331909179688e+00
4.285775661468505859e+00
4.283849239349365234e+00
4.287289619445800781e+00
4.289688587188720703e+00
4.315918922424316406e+00
4.291614055633544922e+00
4.301945209503173828e+00
4.293489456176757812e+00
4.287879943847656250e+00
4.282636165618896484e+00
4.278943538665771484e+00
4.287163734436035156e+00
4.296060085296630859e+00
4.299539566040039062e+00
4.293951034545898438e+00
4.292827606201171875e+00
4.288348674774169922e+00
4.287492275238037109e+00
4.306861877441406250e+00
4.289777755737304688e+00
4.289294719696044922e+00
4.288688659667968750e+00
4.292737960815429688e+00
4.293331146240234375e+00
4.294137954711914062e+00
4.303568840026855469e+00
4.300000190734863281e+00
4.284759521484375000e+00
4.284577369689941406e+00
4.281992435455322266e+00
4.280671596527099609e+00
4.278808593750000000e+00
4.282172679901123047e+00
4.277347087860107422e+00
4.280206680297851562e+00
4.276387214660644531e+00
4.273888587951660156e+00
4.275274276733398438e+00
4.276538372039794922e+00
4.275532245635986328e+00
4.270389080047607422e+00
4.271750926971435547e+00
4.268191814422607422e+00
4.281066894531250000e+00
4.287740230560302734e+00
4.283491611480712891e+00
4.283751010894775391e+00
4.280257701873779297e+00
4.280869007110595703e+00
4.284201145172119141e+00
4.285923004150390625e+00
4.282836437225341797e+00
4.277638435363769531e+00
4.276796340942382812e+00
4.286450386047363281e+00
4.279166221618652344e+00
4.285809993743896484e+00
4.281189441680908203e+00
4.274216651916503906e+00
4.280119419097900391e+00
4.269077301025390625e+00
4.269341468811035156e+00
4.272409915924072266e+00
4.267194271087646484e+00
4.270130634307861328e+00
4.270008087158203125e+00
4.275580883026123047e+00
4.281270027160644531e+00
4.275081157684326172e+00
4.275877475738525391e+00
4.265847206115722656e+00
4.281548500061035156e+00
4.276090621948242188e+00
4.275172710418701172e+00
4.301699638366699219e+00
4.282167434692382812e+00
4.267349243164062500e+00
4.271135330200195312e+00
4.264534950256347656e+00
4.274347305297851562e+00
4.308049201965332031e+00
4.320912361145019531e+00
4.300445079803466797e+00
4.304802417755126953e+00
4.295554161071777344e+00
4.301252841949462891e+00
4.313097476959228516e+00
4.304190635681152344e+00
4.292856693267822266e+00
4.281323909759521484e+00
4.281234741210937500e+00
4.279423236846923828e+00
4.298621177673339844e+00
4.280797481536865234e+00
4.288445949554443359e+00
4.304494857788085938e+00
4.299419403076171875e+00
4.286213874816894531e+00
4.297677040100097656e+00
4.296570777893066406e+00
4.291457176208496094e+00
4.286050319671630859e+00
4.292371273040771484e+00
4.276563167572021484e+00
4.293342590332031250e+00
4.291654109954833984e+00
4.301807880401611328e+00
4.316563606262207031e+00
4.315495014190673828e+00
4.333354949951171875e+00
4.314903736114501953e+00
4.306231975555419922e+00
4.293660640716552734e+00
4.295244693756103516e+00
4.289359092712402344e+00
4.287848472595214844e+00
4.318097114562988281e+00
4.281942367553710938e+00
4.288762569427490234e+00
4.282949447631835938e+00
4.277209281921386719e+00
4.285895824432373047e+00
4.274135112762451172e+00
4.270889759063720703e+00
4.284837722778320312e+00
4.273712158203125000e+00
4.271100521087646484e+00
4.274007797241210938e+00
4.270787715911865234e+00
4.268046855926513672e+00
4.273900032043457031e+00
4.272102355957031250e+00
4.267844676971435547e+00
4.266698837280273438e+00
4.267588615417480469e+00
4.270339488983154297e+00
4.276316165924072266e+00
4.266933917999267578e+00
4.268132209777832031e+00
4.273894786834716797e+00
4.285074234008789062e+00
4.265007972717285156e+00
4.275553703308105469e+00
4.267550468444824219e+00
4.267940044403076172e+00
4.263912200927734375e+00
4.265187263488769531e+00
4.275759220123291016e+00
4.271024703979492188e+00
4.272597312927246094e+00
4.277802467346191406e+00
4.267292022705078125e+00
4.340725421905517578e+00
4.307362556457519531e+00
4.296452045440673828e+00
4.294244289398193359e+00
4.280176162719726562e+00
4.282234191894531250e+00
4.272797584533691406e+00
4.269855499267578125e+00
4.272309780120849609e+00
4.275946140289306641e+00
4.283493041992187500e+00
4.280686378479003906e+00
4.267610549926757812e+00
4.285895347595214844e+00
4.272137641906738281e+00
4.266759872436523438e+00
4.293045520782470703e+00
4.303248882293701172e+00
4.288043498992919922e+00
4.287082195281982422e+00
4.277287960052490234e+00
4.279977321624755859e+00
4.279832839965820312e+00
4.282586574554443359e+00
4.268630981445312500e+00
4.278979778289794922e+00
4.267526149749755859e+00
4.267857551574707031e+00
4.265271663665771484e+00
4.269512176513671875e+00
4.271001815795898438e+00
4.269047260284423828e+00
4.267198085784912109e+00
4.270554542541503906e+00
4.264148712158203125e+00
4.270067214965820312e+00
4.269455432891845703e+00
4.272558212280273438e+00
4.275333881378173828e+00
4.274102687835693359e+00
4.265046596527099609e+00
4.266393661499023438e+00
4.270205020904541016e+00
4.270956516265869141e+00
4.272869110107421875e+00
4.262345314025878906e+00
4.299418926239013672e+00
4.269624233245849609e+00
4.273679256439208984e+00
4.273834705352783203e+00
4.265742778778076172e+00
4.269819259643554688e+00
4.270018577575683594e+00
4.269470691680908203e+00
4.266763210296630859e+00
4.266423225402832031e+00
4.278822422027587891e+00
4.269258499145507812e+00
4.270332813262939453e+00
4.277162551879882812e+00
4.265347957611083984e+00
4.267192840576171875e+00
4.266041278839111328e+00
4.267066001892089844e+00
4.262852191925048828e+00
4.269945144653320312e+00
4.270647048950195312e+00
4.267684936523437500e+00
4.272132873535156250e+00
4.267447948455810547e+00
4.269443511962890625e+00
4.271111488342285156e+00
4.271830558776855469e+00
4.309431076049804688e+00
4.291684627532958984e+00
4.278848648071289062e+00
4.271051883697509766e+00
4.279319286346435547e+00
4.274196624755859375e+00
4.271512031555175781e+00
4.274930000305175781e+00
4.271411418914794922e+00
4.272051334381103516e+00
4.271166801452636719e+00
4.271163463592529297e+00
4.269576072692871094e+00
4.272544860839843750e+00
4.267674446105957031e+00
4.266615867614746094e+00
4.271356582641601562e+00
4.264954566955566406e+00
4.260401725769042969e+00
4.302336692810058594e+00
4.310369014739990234e+00
4.286660194396972656e+00
4.304366588592529297e+00
4.317420005798339844e+00
4.299059867858886719e+00
4.288475513458251953e+00
4.287688732147216797e+00
4.286307334899902344e+00
4.280577182769775391e+00
4.276297092437744141e+00
4.276391983032226562e+00
4.282300472259521484e+00
4.271706104278564453e+00
4.274117946624755859e+00
4.273094654083251953e+00
4.273965835571289062e+00
4.268705844879150391e+00
4.267546176910400391e+00
4.258816719055175781e+00
4.261876583099365234e+00
4.266672611236572266e+00
4.268892765045166016e+00
4.265374183654785156e+00
4.268479347229003906e+00
4.263831138610839844e+00
4.269595623016357422e+00
4.264173507690429688e+00
4.320279121398925781e+00
4.295340061187744141e+00
4.285480499267578125e+00
4.281754970550537109e+00
4.272318363189697266e+00
4.363353252410888672e+00
4.406792640686035156e+00
4.397328853607177734e+00
4.350188732147216797e+00
4.318967819213867188e+00
4.327466487884521484e+00
4.317904949188232422e+00
4.300315380096435547e+00
4.293334007263183594e+00
4.285120010375976562e+00
4.329477787017822266e+00
4.331918716430664062e+00
4.311061859130859375e+00
4.305256843566894531e+00
4.300987720489501953e+00
4.291574954986572266e+00
4.283571720123291016e+00
4.283314704895019531e+00
4.287761688232421875e+00
4.271090030670166016e+00
4.274831295013427734e+00
4.282903671264648438e+00
4.305777549743652344e+00
4.279914855957031250e+00
4.274133682250976562e+00
4.263430118560791016e+00
4.262571334838867188e+00
4.271479129791259766e+00
4.278073310852050781e+00
4.277368545532226562e+00
4.271451950073242188e+00
4.268114566802978516e+00
4.274394989013671875e+00
4.275813102722167969e+00
4.273870944976806641e+00
4.265909671783447266e+00
4.270147800445556641e+00
4.272432804107666016e+00
4.264536380767822266e+00
4.268111228942871094e+00
4.274496555328369141e+00
4.263843059539794922e+00
4.268879890441894531e+00
4.269654750823974609e+00
4.283864021301269531e+00
4.282595634460449219e+00
4.280601024627685547e+00
4.269324779510498047e+00
4.271305084228515625e+00
4.270419120788574219e+00
4.265471458435058594e+00
4.265910148620605469e+00
4.263731956481933594e+00
4.267782688140869141e+00
4.271042346954345703e+00
4.280522346496582031e+00
4.266368865966796875e+00
4.280377388000488281e+00
4.270096778869628906e+00
4.267755031585693359e+00
4.271022796630859375e+00
4.265310287475585938e+00
4.276130676269531250e+00
4.259681701660156250e+00
4.258031845092773438e+00
4.258584022521972656e+00
4.263041019439697266e+00
4.268473625183105469e+00
4.261303901672363281e+00
4.255473136901855469e+00
4.267715454101562500e+00
4.269807338714599609e+00
4.269650936126708984e+00
4.276523590087890625e+00
4.277376651763916016e+00
4.282265663146972656e+00
4.274224758148193359e+00
4.279527664184570312e+00
4.276455879211425781e+00
4.272100925445556641e+00
4.262285232543945312e+00
4.275899887084960938e+00
4.275179386138916016e+00
4.263015747070312500e+00
4.267853260040283203e+00
4.265295505523681641e+00
4.262286663055419922e+00
4.264593124389648438e+00
4.264454364776611328e+00
4.262295722961425781e+00
4.260679721832275391e+00
4.269387722015380859e+00
4.260729789733886719e+00
4.262278079986572266e+00
4.267715930938720703e+00
4.261546611785888672e+00
4.262186527252197266e+00
4.258478641510009766e+00
4.269353389739990234e+00
4.277306556701660156e+00
4.271078109741210938e+00
4.263108730316162109e+00
4.264091968536376953e+00
4.259928703308105469e+00
4.267282962799072266e+00
4.279221057891845703e+00
4.269665241241455078e+00
4.263504505157470703e+00
4.273874759674072266e+00
4.264410018920898438e+00
4.263962745666503906e+00
4.266460418701171875e+00
4.269331932067871094e+00
4.257925987243652344e+00
4.259230136871337891e+00
4.268679618835449219e+00
4.264346599578857422e+00
4.260041713714599609e+00
4.261648178100585938e+00
4.261746883392333984e+00
4.269653797149658203e+00
4.263857364654541016e+00
4.260763645172119141e+00
4.265773773193359375e+00
4.260750293731689453e+00
4.265475749969482422e+00
4.269924163818359375e+00
4.266442298889160156e+00
4.262161731719970703e+00
4.266743183135986328e+00
4.257624149322509766e+00
4.271785736083984375e+00
4.257452487945556641e+00
4.266730308532714844e+00
4.283931255340576172e+00
4.271486282348632812e+00
4.272741794586181641e+00
4.272688865661621094e+00
4.284238338470458984e+00
4.298038005828857422e+00
4.275870323181152344e+00
4.275027751922607422e+00
4.282166481018066406e+00
4.284738540649414062e+00
4.275391578674316406e+00
4.277721881866455078e+00
4.274323940277099609e+00
4.266557216644287109e+00
4.272681713104248047e+00
4.266473770141601562e+00
4.269623279571533203e+00
4.290997982025146484e+00
4.267185211181640625e+00
4.268797397613525391e+00
4.277955055236816406e+00
4.274323463439941406e+00
4.304300308227539062e+00
4.299946308135986328e+00
4.288584232330322266e+00
4.282372951507568359e+00
4.277776241302490234e+00
4.273520469665527344e+00
4.284027099609375000e+00
4.293739318847656250e+00
4.276052474975585938e+00
4.268070697784423828e+00
4.259091854095458984e+00
4.264079570770263672e+00
4.265726566314697266e+00
4.269006252288818359e+00
4.265047073364257812e+00
4.264019489288330078e+00
4.259587764739990234e+00
4.263813495635986328e+00
4.259491920471191406e+00
4.264501094818115234e+00
4.256638526916503906e+00
4.270278930664062500e+00
4.266344547271728516e+00
4.271595954895019531e+00
4.261419296264648438e+00
4.260514259338378906e+00
4.268426895141601562e+00
4.261125564575195312e+00
4.263942718505859375e+00
4.268213272094726562e+00
4.253746986389160156e+00
4.261083602905273438e+00
4.269586086273193359e+00
4.264200687408447266e+00
4.267202854156494141e+00
4.265270709991455078e+00
4.259637355804443359e+00
4.280049800872802734e+00
4.280238628387451172e+00
4.277763843536376953e+00
4.294722557067871094e+00
4.277634620666503906e+00
4.272497653961181641e+00
4.271176338195800781e+00
4.273224830627441406e+00
4.271608829498291016e+00
4.268030643463134766e+00
4.268472194671630859e+00
4.264803886413574219e+00
4.272270679473876953e+00
4.291707992553710938e+00
4.272712707519531250e+00
4.272067546844482422e+00
4.268772602081298828e+00
4.270338058471679688e+00
4.265849113464355469e+00
4.264732360839843750e+00
4.265089511871337891e+00
4.258952617645263672e+00
4.270419120788574219e+00
4.261637210845947266e+00
4.269001960754394531e+00
4.257554054260253906e+00
4.266939640045166016e+00
4.270210266113281250e+00
4.261550903320312500e+00
4.256794452667236328e+00
4.270121574401855469e+00
4.263556480407714844e+00
4.257444858551025391e+00
4.260871410369873047e+00
4.258587360382080078e+00
4.264330387115478516e+00
4.262603759765625000e+00
4.262592315673828125e+00
4.260670185089111328e+00
4.259414672851562500e+00
4.265898704528808594e+00
4.269801139831542969e+00
4.260370254516601562e+00
4.256507873535156250e+00
4.260429859161376953e+00
4.257892131805419922e+00
4.255318641662597656e+00
4.259064674377441406e+00
4.256938457489013672e+00
4.263242721557617188e+00
4.260133266448974609e+00
4.257064819335937500e+00
4.261716365814208984e+00
4.259939193725585938e+00
4.261954784393310547e+00
4.262394905090332031e+00
4.253188133239746094e+00
4.260132789611816406e+00
4.263287067413330078e+00
4.265073776245117188e+00
4.266586780548095703e+00
4.262660503387451172e+00
4.269655227661132812e+00
4.259853839874267578e+00
4.264975070953369141e+00
4.267404556274414062e+00
4.257516384124755859e+00
4.265814781188964844e+00
4.263986587524414062e+00
4.267610549926757812e+00
4.263814926147460938e+00
4.268609046936035156e+00
4.264966487884521484e+00
4.263203620910644531e+00
4.265794754028320312e+00
4.263107299804687500e+00
4.261959075927734375e+00
4.266001701354980469e+00
4.264865398406982422e+00
4.258165359497070312e+00
4.264564514160156250e+00
4.259066104888916016e+00
4.265393733978271484e+00
4.260264873504638672e+00
4.272044181823730469e+00
4.269900798797607422e+00
4.268140792846679688e+00
4.262997150421142578e+00
4.266606807708740234e+00
4.272263526916503906e+00
4.272713661193847656e+00
4.260724544525146484e+00
4.267221450805664062e+00
4.266563415527343750e+00
4.270984649658203125e+00
4.262345314025878906e+00
4.261800289154052734e+00
4.272695541381835938e+00
4.265729904174804688e+00
4.271041870117187500e+00
4.261781215667724609e+00
4.258962631225585938e+00
4.276071071624755859e+00
4.267599105834960938e+00
4.254189968109130859e+00
4.263547420501708984e+00
4.261724948883056641e+00
4.258427143096923828e+00
4.269155979156494141e+00
4.263333320617675781e+00
4.257915973663330078e+00
4.259917736053466797e+00
4.258970737457275391e+00
4.261788368225097656e+00
4.269257545471191406e+00
4.269828796386718750e+00
4.266167163848876953e+00
4.263464927673339844e+00
4.259109973907470703e+00
4.270302772521972656e+00
4.260664939880371094e+00
4.267652034759521484e+00
4.258951187133789062e+00
4.264374732971191406e+00
4.260020256042480469e+00
4.262192726135253906e+00
4.262571811676025391e+00
4.271957397460937500e+00
4.258862972259521484e+00
4.283486843109130859e+00
4.265548229217529297e+00
4.266733646392822266e+00
4.265399456024169922e+00
4.283265113830566406e+00
4.269714832305908203e+00
4.266226291656494141e+00
4.263528347015380859e+00
4.264042854309082031e+00
4.260597705841064453e+00
4.263555049896240234e+00
4.270955085754394531e+00
4.262368679046630859e+00
4.263524532318115234e+00
4.268908977508544922e+00
4.260293483734130859e+00
4.261359691619873047e+00
4.264789581298828125e+00
4.257593631744384766e+00
4.267673492431640625e+00
4.261122703552246094e+00
4.260372161865234375e+00
4.261735916137695312e+00
4.246765136718750000e+00
4.247105598449707031e+00
4.247039794921875000e+00
4.246840476989746094e+00
4.246184825897216797e+00
4.245915412902832031e+00
4.245785236358642578e+00
4.245550632476806641e+00
4.245650768280029297e+00
4.245617389678955078e+00
4.245449542999267578e+00
4.245389461517333984e+00
4.245243549346923828e+00
4.245154380798339844e+00
4.245031356811523438e+00
4.244932174682617188e+00
4.244709014892578125e+00
4.244489669799804688e+00
4.244342803955078125e+00
4.244228839874267578e+00
4.244149684906005859e+00
4.243972778320312500e+00
4.243796825408935547e+00
4.243619918823242188e+00
4.243484497070312500e+00
4.243402481079101562e+00
4.243300914764404297e+00
4.243205070495605469e+00
4.243044376373291016e+00
4.242914676666259766e+00
4.242768287658691406e+00
4.242622375488281250e+00
4.242487430572509766e+00
4.242372035980224609e+00
4.242219924926757812e+00
4.242111206054687500e+00
4.242015838623046875e+00
4.241910934448242188e+00
4.241799354553222656e+00
4.241661071777343750e+00
4.241544246673583984e+00
4.241444110870361328e+00
4.241341114044189453e+00
4.241241455078125000e+00
4.241140365600585938e+00
4.241031646728515625e+00
4.240932464599609375e+00
4.240788936614990234e+00
4.240686416625976562e+00
4.240590095520019531e+00
4.240487098693847656e+00
4.240387439727783203e+00
4.240277290344238281e+00
4.240197181701660156e+00
4.240104198455810547e+00
4.239999771118164062e+00
4.239899635314941406e+00
4.239809513092041016e+00
4.239722251892089844e+00
4.239640235900878906e+00
4.239545345306396484e+00
4.239459514617919922e+00
4.239379882812500000e+00
4.239306926727294922e+00
4.239223480224609375e+00
4.239141941070556641e+00
4.239060401916503906e+00
4.238965988159179688e+00
4.238897800445556641e+00
4.238806247711181641e+00
4.238726139068603516e+00
4.238652229309082031e+00
4.238578796386718750e+00
4.238494396209716797e+00
4.238409519195556641e+00
4.238323688507080078e+00
4.238258838653564453e+00
4.238180637359619141e+00
4.238111019134521484e+00
4.238042831420898438e+00
4.237972736358642578e+00
4.237901687622070312e+00
4.237825870513916016e+00
4.237753391265869141e+00
4.237678527832031250e+00
4.237621307373046875e+00
4.237552165985107422e+00
4.237476825714111328e+00
4.237403392791748047e+00
4.237344264984130859e+00
4.237284660339355469e+00
4.237237453460693359e+00
4.237182140350341797e+00
4.237121582031250000e+00
4.237060546875000000e+00
4.236995220184326172e+00
4.236927032470703125e+00
4.236871719360351562e+00
4.236800193786621094e+00
4.236738681793212891e+00
4.236687660217285156e+00
4.236618995666503906e+00
4.236557006835937500e+00
4.236495494842529297e+00
4.236432075500488281e+00
4.236372470855712891e+00
4.236311435699462891e+00
4.236263275146484375e+00
4.236217975616455078e+00
4.236154079437255859e+00
4.236096382141113281e+00
4.236038208007812500e+00
4.235979557037353516e+00
4.235937118530273438e+00
4.235885620117187500e+00
4.235831737518310547e+00
4.235786914825439453e+00
4.235723495483398438e+00
4.235665321350097656e+00
4.235605239868164062e+00
4.235543251037597656e+00
4.235489368438720703e+00
4.235430717468261719e+00
4.235366344451904297e+00
4.235311031341552734e+00
4.235257148742675781e+00
4.235201835632324219e+00
4.235154151916503906e+00
4.235105991363525391e+00
4.235060691833496094e+00
4.235002994537353516e+00
4.234948635101318359e+00
4.234892368316650391e+00
4.234846115112304688e+00
4.234794139862060547e+00
4.234739780426025391e+00
4.234686851501464844e+00
4.234636783599853516e+00
4.234591960906982422e+00
4.234538555145263672e+00
4.234493255615234375e+00
4.234440803527832031e+00
4.234403610229492188e+00
4.234361648559570312e+00
4.234320163726806641e+00
4.234278202056884766e+00
4.234232425689697266e+00
4.234189987182617188e+00
4.234144687652587891e+00
4.234098434448242188e+00
4.234060287475585938e+00
4.234021186828613281e+00
4.233985900878906250e+00
4.233943939208984375e+00
4.233902454376220703e+00
4.233862876892089844e+00
4.233820915222167969e+00
4.233777999877929688e+00
4.233732223510742188e+00
4.233687400817871094e+00
4.233644485473632812e+00
4.233597755432128906e+00
4.233551025390625000e+00
4.233504295349121094e+00
4.233458042144775391e+00
4.233411312103271484e+00
4.233366489410400391e+00
4.233319759368896484e+00
4.233276367187500000e+00
4.233236312866210938e+00
4.233195304870605469e+00
4.233158588409423828e+00
4.233118534088134766e+00
4.233080387115478516e+00
4.233036518096923828e+00
4.232995986938476562e+00
4.232956886291503906e+00
4.232919216156005859e+00
4.232879638671875000e+00
4.232839107513427734e+00
4.232794284820556641e+00
4.232752323150634766e+00
4.232714176177978516e+00
4.232671260833740234e+00
4.232627868652343750e+00
4.232589721679687500e+00
4.232547283172607422e+00
4.232509136199951172e+00
4.232471942901611328e+00
4.232435226440429688e+00
4.232400894165039062e+00
4.232365131378173828e+00
4.232326507568359375e+00
4.232292652130126953e+00
4.232257843017578125e+00
4.232223510742187500e+00
4.232185363769531250e+00
4.232151508331298828e+00
4.232112407684326172e+00
4.232073783874511719e+00
4.232038021087646484e+00
4.232009887695312500e+00
4.231972217559814453e+00
4.231938838958740234e+00
4.231908321380615234e+00
4.231875419616699219e+00
4.231839656829833984e+00
4.231801033020019531e+00
4.231766223907470703e+00
4.231731414794921875e+00
4.231699466705322266e+00
4.231662750244140625e+00
4.231628417968750000e+00
4.231595993041992188e+00
4.231557369232177734e+00
4.231524467468261719e+00
4.231487274169921875e+00
4.231456756591796875e+00
4.231426239013671875e+00
4.231394290924072266e+00
4.231363296508789062e+00
4.231333255767822266e+00
4.231300830841064453e+00
4.231268405914306641e+00
4.231236457824707031e+00
4.231206893920898438e+00
4.231182098388671875e+00
4.231149196624755859e+00
