6.125548362731933594e+00
5.720824241638183594e+00
5.817561626434326172e+00
5.582606792449951172e+00
5.456747055053710938e+00
5.374637603759765625e+00
5.297617435455322266e+00
5.236685752868652344e+00
5.183693885803222656e+00
5.146293163299560547e+00
5.109060764312744141e+00
5.073502540588378906e+00
5.044835567474365234e+00
5.003334522247314453e+00
4.974785804748535156e+00
4.937640190124511719e+00
4.916682720184326172e+00
4.880147457122802734e+00
4.855393886566162109e+00
4.827902317047119141e+00
4.815693855285644531e+00
4.802862644195556641e+00
4.777171611785888672e+00
4.748192787170410156e+00
4.731101512908935547e+00
4.709131717681884766e+00
4.690212249755859375e+00
4.671358585357666016e+00
4.654518604278564453e+00
4.640605449676513672e+00
4.622695922851562500e+00
4.607555389404296875e+00
4.595924377441406250e+00
4.577322483062744141e+00
4.568541049957275391e+00
4.559400558471679688e+00
4.553018093109130859e+00
4.539396762847900391e+00
4.531827926635742188e+00
4.523096084594726562e+00
4.512279033660888672e+00
4.499509334564208984e+00
4.489295005798339844e+00
4.477358341217041016e+00
4.469704151153564453e+00
4.457407951354980469e+00
4.450436115264892578e+00
4.447160243988037109e+00
4.441859245300292969e+00
4.436118125915527344e+00
4.432435035705566406e+00
4.421940803527832031e+00
4.419059753417968750e+00
4.418321609497070312e+00
4.406931877136230469e+00
4.403027057647705078e+00
4.402427196502685547e+00
4.396796226501464844e+00
4.394247531890869141e+00
4.386542320251464844e+00
4.385242462158203125e+00
4.380404949188232422e+00
4.378776073455810547e+00
4.373795509338378906e+00
4.368967533111572266e+00
4.371910095214843750e+00
4.368886947631835938e+00
4.364273071289062500e+00
4.361644744873046875e+00
4.357929229736328125e+00
4.350852966308593750e+00
4.353753089904785156e+00
4.353393077850341797e+00
4.350373744964599609e+00
4.346159458160400391e+00
4.354528427124023438e+00
4.345396995544433594e+00
4.339847564697265625e+00
4.347520351409912109e+00
4.337585449218750000e+00
4.341556072235107422e+00
4.334466457366943359e+00
4.334969520568847656e+00
4.334876537322998047e+00
4.335816383361816406e+00
4.336905479431152344e+00
4.333350181579589844e+00
4.337827682495117188e+00
4.325145244598388672e+00
4.330454826354980469e+00
4.327219963073730469e+00
4.329079151153564453e+00
4.327090263366699219e+00
4.318004608154296875e+00
4.323942184448242188e+00
4.316560745239257812e+00
4.322516441345214844e+00
4.317931175231933594e+00
4.320406436920166016e+00
4.313389778137207031e+00
4.317276477813720703e+00
4.314420223236083984e+00
4.313118457794189453e+00
4.308162689208984375e+00
4.304769039154052734e+00
4.309209823608398438e+00
4.307806968688964844e+00
4.306379318237304688e+00
4.303025722503662109e+00
4.304119110107421875e+00
4.298112869262695312e+00
4.299107074737548828e+00
4.301613807678222656e+00
4.296590805053710938e+00
4.296934127807617188e+00
4.298055648803710938e+00
4.292216300964355469e+00
4.294507503509521484e+00
4.295652866363525391e+00
4.292764663696289062e+00
4.296248435974121094e+00
4.295231819152832031e+00
4.290009021759033203e+00
4.290339946746826172e+00
4.290647506713867188e+00
4.291700363159179688e+00
4.289043903350830078e+00
4.284324645996093750e+00
4.283375740051269531e+00
4.285116195678710938e+00
4.286975383758544922e+00
4.284915924072265625e+00
4.283190727233886719e+00
4.281038761138916016e+00
4.283762931823730469e+00
4.280982017517089844e+00
4.283650875091552734e+00
4.279182910919189453e+00
4.283118724822998047e+00
4.281306266784667969e+00
4.279411315917968750e+00
4.279611110687255859e+00
4.278302192687988281e+00
4.274992942810058594e+00
4.282164096832275391e+00
4.277096271514892578e+00
4.276554584503173828e+00
4.275861263275146484e+00
4.277309417724609375e+00
4.271847724914550781e+00
4.274562358856201172e+00
4.274478912353515625e+00
4.270572185516357422e+00
4.272870063781738281e+00
4.271563529968261719e+00
4.268852233886718750e+00
4.273546218872070312e+00
4.270260334014892578e+00
4.268750667572021484e+00
4.272135734558105469e+00
4.268990516662597656e+00
4.272341251373291016e+00
4.265155315399169922e+00
4.268662929534912109e+00
4.265093326568603516e+00
4.271228790283203125e+00
4.266964435577392578e+00
4.268190383911132812e+00
4.267307758331298828e+00
4.267257690429687500e+00
4.264106273651123047e+00
4.266468048095703125e+00
4.268626213073730469e+00
4.263126373291015625e+00
4.261676788330078125e+00
4.263241291046142578e+00
4.263968944549560547e+00
4.265742778778076172e+00
4.260856151580810547e+00
4.260167598724365234e+00
4.255883216857910156e+00
4.256587028503417969e+00
4.263267517089843750e+00
4.260532855987548828e+00
4.260513782501220703e+00
4.263478279113769531e+00
4.259603500366210938e+00
4.257374763488769531e+00
4.262139797210693359e+00
4.263481616973876953e+00
4.259322166442871094e+00
4.260239601135253906e+00
4.262140750885009766e+00
4.257205009460449219e+00
4.259078025817871094e+00
4.258451938629150391e+00
4.261269092559814453e+00
4.257791042327880859e+00
4.255880832672119141e+00
4.255813598632812500e+00
4.259921550750732422e+00
4.257929801940917969e+00
4.254621028900146484e+00
4.255356311798095703e+00
4.256656646728515625e+00
4.256956100463867188e+00
4.257204532623291016e+00
4.253129959106445312e+00
4.257226467132568359e+00
4.255102157592773438e+00
4.252577781677246094e+00
4.253365516662597656e+00
4.254845142364501953e+00
4.248435020446777344e+00
4.252838134765625000e+00
4.254948139190673828e+00
4.248045444488525391e+00
4.253532886505126953e+00
4.244466304779052734e+00
4.248016357421875000e+00
4.253145694732666016e+00
4.251320362091064453e+00
4.251271724700927734e+00
4.249788761138916016e+00
4.252985000610351562e+00
4.250643730163574219e+00
4.249146461486816406e+00
4.252532958984375000e+00
4.252747058868408203e+00
4.255748748779296875e+00
4.248374938964843750e+00
4.253425121307373047e+00
4.254632949829101562e+00
4.246357917785644531e+00
4.248452186584472656e+00
4.248314857482910156e+00
4.246775150299072266e+00
4.246913909912109375e+00
4.250404357910156250e+00
4.247594356536865234e+00
4.250973701477050781e+00
4.245231628417968750e+00
4.248607635498046875e+00
4.241382598876953125e+00
4.244990825653076172e+00
4.247842311859130859e+00
4.244272232055664062e+00
4.246612071990966797e+00
4.244020462036132812e+00
4.240556716918945312e+00
4.243210315704345703e+00
4.241938591003417969e+00
4.241604328155517578e+00
4.247839927673339844e+00
4.239245891571044922e+00
4.244387149810791016e+00
4.239071846008300781e+00
4.236836433410644531e+00
4.241291522979736328e+00
4.238480567932128906e+00
4.237387657165527344e+00
4.237227439880371094e+00
4.237268447875976562e+00
4.239245414733886719e+00
4.239583015441894531e+00
4.237979412078857422e+00
4.242503166198730469e+00
4.238741874694824219e+00
4.241612911224365234e+00
4.238095760345458984e+00
4.237761974334716797e+00
4.237484931945800781e+00
4.237142086029052734e+00
4.238517761230468750e+00
4.238449096679687500e+00
4.237971305847167969e+00
4.240583419799804688e+00
4.235453128814697266e+00
4.241812229156494141e+00
4.237969875335693359e+00
4.231721401214599609e+00
4.231428146362304688e+00
4.239027976989746094e+00
4.237920284271240234e+00
4.234835624694824219e+00
4.235841274261474609e+00
4.233496189117431641e+00
4.229588985443115234e+00
4.234889507293701172e+00
4.236107826232910156e+00
4.238216400146484375e+00
4.232408046722412109e+00
4.232966899871826172e+00
4.230837345123291016e+00
4.237592220306396484e+00
4.233112335205078125e+00
4.228665828704833984e+00
4.231471538543701172e+00
4.230225563049316406e+00
4.230543613433837891e+00
4.232770442962646484e+00
4.231774330139160156e+00
4.233819484710693359e+00
4.229017257690429688e+00
4.231596469879150391e+00
4.232267856597900391e+00
4.231947898864746094e+00
4.230286598205566406e+00
4.230152606964111328e+00
4.235055446624755859e+00
4.235392093658447266e+00
4.234033107757568359e+00
4.234185218811035156e+00
4.232310295104980469e+00
4.238547801971435547e+00
4.234237194061279297e+00
4.234705448150634766e+00
4.234259605407714844e+00
4.233354568481445312e+00
4.229778289794921875e+00
4.229411125183105469e+00
4.230675697326660156e+00
4.235577106475830078e+00
4.230048179626464844e+00
4.229503631591796875e+00
4.225499153137207031e+00
4.225935935974121094e+00
4.227892398834228516e+00
4.226308822631835938e+00
4.228216171264648438e+00
4.235056400299072266e+00
4.229626178741455078e+00
4.226119518280029297e+00
4.225534439086914062e+00
4.228660106658935547e+00
4.232665538787841797e+00
4.228132247924804688e+00
4.229027271270751953e+00
4.225671768188476562e+00
4.225067138671875000e+00
4.229049205780029297e+00
4.231218814849853516e+00
4.227785587310791016e+00
4.228775501251220703e+00
4.229642391204833984e+00
4.230946540832519531e+00
4.230750083923339844e+00
4.230040073394775391e+00
4.228723049163818359e+00
4.230398654937744141e+00
4.229948043823242188e+00
4.226555347442626953e+00
4.231221675872802734e+00
4.233023643493652344e+00
4.225399494171142578e+00
4.226971149444580078e+00
4.228455066680908203e+00
4.225879192352294922e+00
4.227170467376708984e+00
4.231051921844482422e+00
4.227097034454345703e+00
4.225931644439697266e+00
4.223902702331542969e+00
4.223442554473876953e+00
4.222579002380371094e+00
4.227027893066406250e+00
4.222536563873291016e+00
4.224820613861083984e+00
4.223149299621582031e+00
4.226408481597900391e+00
4.226060867309570312e+00
4.219907760620117188e+00
4.223370075225830078e+00
4.225341320037841797e+00
4.225162506103515625e+00
4.228750228881835938e+00
4.223246574401855469e+00
4.223601818084716797e+00
4.224815368652343750e+00
4.223916530609130859e+00
4.218676567077636719e+00
4.223741531372070312e+00
4.219064235687255859e+00
4.220510482788085938e+00
4.227518558502197266e+00
4.228317737579345703e+00
4.218514919281005859e+00
4.226940631866455078e+00
4.220734119415283203e+00
4.219696044921875000e+00
4.222159385681152344e+00
4.224445819854736328e+00
4.218281269073486328e+00
4.222802162170410156e+00
4.221250057220458984e+00
4.220592498779296875e+00
4.224590778350830078e+00
4.220714092254638672e+00
4.223480224609375000e+00
4.222758293151855469e+00
4.223418235778808594e+00
4.218132495880126953e+00
4.223759174346923828e+00
4.226538658142089844e+00
4.221290588378906250e+00
4.220382213592529297e+00
4.217470169067382812e+00
4.221086502075195312e+00
4.218710899353027344e+00
4.222141742706298828e+00
4.224691390991210938e+00
4.222385883331298828e+00
4.218553543090820312e+00
4.219113349914550781e+00
4.224672317504882812e+00
4.221838474273681641e+00
4.225368499755859375e+00
4.219654083251953125e+00
4.222398281097412109e+00
4.222607135772705078e+00
4.225697040557861328e+00
4.223443508148193359e+00
4.222081184387207031e+00
4.222630977630615234e+00
4.222053527832031250e+00
4.219381332397460938e+00
4.221757411956787109e+00
4.218394756317138672e+00
4.219123840332031250e+00
4.221488952636718750e+00
4.217235565185546875e+00
4.218840599060058594e+00
4.220445156097412109e+00
4.220738410949707031e+00
4.221601486206054688e+00
4.222439765930175781e+00
4.224482059478759766e+00
4.220210552215576172e+00
4.220324039459228516e+00
4.223863601684570312e+00
4.223861217498779297e+00
4.219408035278320312e+00
4.216837406158447266e+00
4.214231491088867188e+00
4.217944622039794922e+00
4.218207359313964844e+00
4.219475269317626953e+00
4.217840671539306641e+00
4.217292785644531250e+00
4.215069293975830078e+00
4.214888095855712891e+00
4.217764854431152344e+00
4.215620040893554688e+00
4.219649314880371094e+00
4.221509456634521484e+00
4.217113494873046875e+00
4.217006683349609375e+00
4.217495441436767578e+00
4.221112251281738281e+00
4.218384742736816406e+00
4.220346450805664062e+00
4.222369670867919922e+00
4.220422267913818359e+00
4.216220855712890625e+00
4.218992233276367188e+00
4.218354225158691406e+00
4.217306613922119141e+00
4.213581085205078125e+00
4.218053817749023438e+00
4.214847087860107422e+00
4.218917846679687500e+00
4.218301773071289062e+00
4.218533039093017578e+00
4.215811729431152344e+00
4.215268611907958984e+00
4.215033531188964844e+00
4.217965126037597656e+00
4.214580059051513672e+00
4.216041088104248047e+00
4.213515281677246094e+00
4.215260982513427734e+00
4.212355613708496094e+00
4.211639404296875000e+00
4.216758251190185547e+00
4.213367938995361328e+00
4.218286037445068359e+00
4.216711997985839844e+00
4.214520454406738281e+00
4.217287063598632812e+00
4.217110633850097656e+00
4.212950706481933594e+00
4.218798637390136719e+00
4.215936660766601562e+00
4.212820053100585938e+00
4.216629028320312500e+00
4.217506885528564453e+00
4.218629360198974609e+00
4.213959217071533203e+00
4.213466167449951172e+00
4.214209556579589844e+00
4.212934017181396484e+00
4.218890190124511719e+00
4.216099262237548828e+00
4.216207504272460938e+00
4.214833736419677734e+00
4.215702533721923828e+00
4.214893817901611328e+00
4.222109317779541016e+00
4.217472553253173828e+00
4.219114303588867188e+00
4.216183662414550781e+00
4.215832233428955078e+00
4.220415115356445312e+00
4.215587139129638672e+00
4.217352390289306641e+00
4.216283321380615234e+00
4.219689369201660156e+00
4.219251632690429688e+00
4.215898513793945312e+00
4.220064640045166016e+00
4.215441226959228516e+00
4.217648506164550781e+00
4.216494083404541016e+00
4.218444347381591797e+00
4.220921993255615234e+00
4.223577499389648438e+00
4.219748020172119141e+00
4.225110054016113281e+00
4.216889858245849609e+00
4.220829963684082031e+00
4.220838069915771484e+00
4.216998100280761719e+00
4.217500209808349609e+00
4.218630790710449219e+00
4.218888759613037109e+00
4.218990325927734375e+00
4.217227458953857422e+00
4.219870090484619141e+00
4.219374179840087891e+00
4.220033645629882812e+00
4.220401763916015625e+00
4.223179340362548828e+00
4.220153331756591797e+00
4.219174385070800781e+00
4.223639011383056641e+00
4.218751430511474609e+00
4.219505310058593750e+00
4.219190120697021484e+00
4.223510742187500000e+00
4.215966701507568359e+00
4.219956398010253906e+00
4.220474243164062500e+00
4.217330455780029297e+00
4.218521118164062500e+00
4.220345020294189453e+00
4.215450763702392578e+00
4.219233512878417969e+00
4.216737747192382812e+00
4.215807437896728516e+00
4.218736171722412109e+00
4.219349384307861328e+00
4.216056823730468750e+00
4.213159084320068359e+00
4.215368747711181641e+00
4.218240261077880859e+00
4.220072746276855469e+00
4.217391014099121094e+00
4.222314357757568359e+00
4.219669818878173828e+00
4.219842433929443359e+00
4.221599578857421875e+00
4.218473434448242188e+00
4.218941211700439453e+00
4.218122005462646484e+00
4.220746040344238281e+00
4.213014125823974609e+00
4.216404438018798828e+00
4.217563629150390625e+00
4.218843936920166016e+00
4.215853691101074219e+00
4.220354557037353516e+00
4.212137699127197266e+00
4.223959922790527344e+00
4.217512130737304688e+00
4.218745708465576172e+00
4.216212749481201172e+00
4.217812061309814453e+00
4.218252658843994141e+00
4.221772670745849609e+00
4.217976570129394531e+00
4.219643592834472656e+00
4.214906215667724609e+00
4.219049453735351562e+00
4.218072414398193359e+00
4.216694355010986328e+00
4.219009399414062500e+00
4.217101573944091797e+00
4.218268394470214844e+00
4.218822479248046875e+00
4.214760303497314453e+00
4.212821006774902344e+00
4.217715263366699219e+00
4.212307453155517578e+00
4.215412616729736328e+00
4.213292121887207031e+00
4.218620777130126953e+00
4.215091705322265625e+00
4.215138912200927734e+00
4.215003967285156250e+00
4.211090087890625000e+00
4.214420795440673828e+00
4.213096141815185547e+00
4.210892677307128906e+00
4.211986541748046875e+00
4.211308956146240234e+00
4.214488983154296875e+00
4.215244770050048828e+00
4.210936546325683594e+00
4.213625907897949219e+00
4.216351985931396484e+00
4.217537403106689453e+00
4.211394309997558594e+00
4.217107772827148438e+00
4.214141845703125000e+00
4.213847160339355469e+00
4.208945751190185547e+00
4.215998649597167969e+00
4.211897373199462891e+00
4.209212779998779297e+00
4.210826396942138672e+00
4.211193561553955078e+00
4.218173027038574219e+00
4.215792179107666016e+00
4.215037822723388672e+00
4.214196681976318359e+00
4.212538242340087891e+00
4.210900306701660156e+00
4.216355800628662109e+00
4.212756156921386719e+00
4.211243629455566406e+00
4.209266662597656250e+00
4.216005802154541016e+00
4.210758209228515625e+00
4.206864356994628906e+00
4.211826324462890625e+00
4.209338188171386719e+00
4.208114624023437500e+00
4.207520008087158203e+00
4.209847927093505859e+00
4.210925102233886719e+00
4.208153247833251953e+00
4.207729816436767578e+00
4.208600997924804688e+00
4.207347393035888672e+00
4.209423542022705078e+00
4.205934524536132812e+00
4.209894180297851562e+00
4.206649780273437500e+00
4.207615375518798828e+00
4.211060047149658203e+00
4.208507061004638672e+00
4.210254192352294922e+00
4.204868316650390625e+00
4.204250812530517578e+00
4.211343765258789062e+00
4.208601474761962891e+00
4.207345962524414062e+00
4.207297801971435547e+00
4.210271835327148438e+00
4.206894397735595703e+00
4.206137180328369141e+00
4.209189414978027344e+00
4.209169387817382812e+00
4.208716392517089844e+00
4.209027290344238281e+00
4.209023952484130859e+00
4.207665920257568359e+00
4.211206912994384766e+00
4.208400726318359375e+00
4.208889007568359375e+00
4.207186698913574219e+00
4.212811946868896484e+00
4.204702377319335938e+00
4.208919048309326172e+00
4.207293033599853516e+00
4.212137222290039062e+00
4.208188056945800781e+00
4.204136371612548828e+00
4.212232112884521484e+00
4.208534717559814453e+00
4.207799911499023438e+00
4.211451530456542969e+00
4.212677955627441406e+00
4.211537837982177734e+00
4.206908226013183594e+00
4.210728168487548828e+00
4.204600334167480469e+00
4.209470748901367188e+00
4.210791587829589844e+00
4.209059715270996094e+00
4.206339359283447266e+00
4.204917907714843750e+00
4.207695484161376953e+00
4.206952571868896484e+00
4.209557533264160156e+00
4.213218688964843750e+00
4.209179878234863281e+00
4.210981369018554688e+00
4.205554485321044922e+00
4.212398529052734375e+00
4.209404468536376953e+00
4.210048198699951172e+00
4.214198589324951172e+00
4.209497451782226562e+00
4.213928222656250000e+00
4.210476398468017578e+00
4.214555263519287109e+00
4.213925838470458984e+00
4.210824489593505859e+00
4.208625793457031250e+00
4.212700366973876953e+00
4.216788768768310547e+00
4.213129043579101562e+00
4.212915420532226562e+00
4.211706161499023438e+00
4.213040351867675781e+00
4.208582878112792969e+00
4.211330413818359375e+00
4.211360931396484375e+00
4.207804203033447266e+00
4.210964202880859375e+00
4.211146354675292969e+00
4.209809303283691406e+00
4.211882114410400391e+00
4.211935520172119141e+00
4.208251476287841797e+00
4.206749439239501953e+00
4.217518329620361328e+00
4.208850383758544922e+00
4.209728717803955078e+00
4.208360671997070312e+00
4.207963466644287109e+00
4.209324836730957031e+00
4.209812641143798828e+00
4.215025901794433594e+00
4.209059238433837891e+00
4.208556175231933594e+00
4.210794448852539062e+00
4.213730812072753906e+00
4.208283424377441406e+00
4.210010528564453125e+00
4.212428092956542969e+00
4.211392402648925781e+00
4.210844993591308594e+00
4.208058357238769531e+00
4.212515830993652344e+00
4.209731578826904297e+00
4.210585117340087891e+00
4.204466819763183594e+00
4.205805778503417969e+00
4.207390785217285156e+00
4.207182407379150391e+00
4.210248947143554688e+00
4.208827972412109375e+00
4.208596229553222656e+00
4.211912155151367188e+00
4.209911346435546875e+00
4.204510688781738281e+00
4.207231998443603516e+00
4.210738658905029297e+00
4.208116531372070312e+00
4.205551624298095703e+00
4.204677104949951172e+00
4.207965373992919922e+00
4.206356048583984375e+00
4.209468364715576172e+00
4.212099075317382812e+00
4.204291820526123047e+00
4.205090522766113281e+00
4.205801963806152344e+00
4.202652931213378906e+00
4.208009243011474609e+00
4.206131458282470703e+00
4.209652423858642578e+00
4.208392620086669922e+00
4.205885410308837891e+00
4.204416751861572266e+00
4.203575611114501953e+00
4.207365989685058594e+00
4.206936359405517578e+00
4.205651760101318359e+00
4.209441184997558594e+00
4.206313133239746094e+00
4.208739280700683594e+00
4.206392765045166016e+00
4.205074310302734375e+00
4.201832294464111328e+00
4.203606128692626953e+00
4.206079959869384766e+00
4.200409412384033203e+00
4.203455448150634766e+00
4.201665401458740234e+00
4.201694011688232422e+00
4.207369804382324219e+00
4.205339908599853516e+00
4.204650402069091797e+00
4.203378200531005859e+00
4.197112560272216797e+00
4.202515602111816406e+00
4.202325344085693359e+00
4.198043346405029297e+00
4.201899051666259766e+00
4.200119495391845703e+00
4.203933238983154297e+00
4.204890727996826172e+00
4.201753139495849609e+00
4.199804306030273438e+00
4.203664302825927734e+00
4.204185485839843750e+00
4.204565525054931641e+00
4.202305316925048828e+00
4.202968597412109375e+00
4.201537132263183594e+00
4.200829505920410156e+00
4.200597763061523438e+00
4.195633888244628906e+00
4.201780319213867188e+00
4.201825618743896484e+00
4.204476833343505859e+00
4.199707508087158203e+00
4.201632976531982422e+00
4.205574989318847656e+00
4.201325416564941406e+00
4.201284885406494141e+00
4.202517509460449219e+00
4.200611591339111328e+00
4.203145027160644531e+00
4.202156543731689453e+00
4.206838130950927734e+00
4.201567649841308594e+00
4.204990386962890625e+00
4.201752185821533203e+00
4.202635288238525391e+00
4.200599193572998047e+00
4.206560134887695312e+00
4.202848434448242188e+00
4.200367927551269531e+00
4.202773094177246094e+00
4.203846454620361328e+00
4.202386856079101562e+00
4.204300403594970703e+00
4.205043792724609375e+00
4.200582027435302734e+00
4.207273006439208984e+00
4.206433773040771484e+00
4.204329967498779297e+00
4.205439567565917969e+00
4.203257560729980469e+00
4.206964015960693359e+00
4.207646846771240234e+00
4.206212043762207031e+00
4.200049877166748047e+00
4.203854560852050781e+00
4.206594944000244141e+00
4.205048084259033203e+00
4.199390888214111328e+00
4.200551509857177734e+00
4.201934337615966797e+00
4.200848579406738281e+00
4.204855442047119141e+00
4.202114582061767578e+00
4.202308654785156250e+00
4.204664707183837891e+00
4.203974723815917969e+00
4.203657150268554688e+00
4.202690124511718750e+00
4.202467918395996094e+00
4.206017971038818359e+00
4.206818580627441406e+00
4.205119132995605469e+00
4.204677104949951172e+00
4.204562664031982422e+00
4.206153392791748047e+00
4.206053256988525391e+00
4.202083110809326172e+00
4.200963973999023438e+00
4.200974941253662109e+00
4.205052852630615234e+00
4.204807758331298828e+00
4.201745510101318359e+00
4.202754020690917969e+00
4.205864906311035156e+00
4.203766822814941406e+00
4.205309867858886719e+00
4.203752994537353516e+00
4.205247402191162109e+00
4.205085754394531250e+00
4.201831817626953125e+00
4.204793930053710938e+00
4.202800273895263672e+00
4.207730293273925781e+00
4.202851295471191406e+00
4.206035614013671875e+00
4.204598426818847656e+00
4.202864646911621094e+00
4.206942558288574219e+00
4.203572750091552734e+00
4.206685066223144531e+00
4.204350948333740234e+00
4.204974174499511719e+00
4.205549716949462891e+00
4.204236507415771484e+00
4.200230121612548828e+00
4.205418109893798828e+00
4.203473567962646484e+00
4.199598789215087891e+00
4.201808452606201172e+00
4.199694633483886719e+00
4.199145317077636719e+00
4.198121547698974609e+00
4.197066307067871094e+00
4.203449249267578125e+00
4.203718185424804688e+00
4.200798034667968750e+00
4.204039096832275391e+00
4.202631950378417969e+00
4.202122688293457031e+00
4.201525688171386719e+00
4.201063632965087891e+00
4.203393936157226562e+00
4.200539588928222656e+00
4.204720497131347656e+00
4.199848175048828125e+00
4.206773757934570312e+00
4.200695514678955078e+00
4.204792976379394531e+00
4.204222679138183594e+00
4.205610752105712891e+00
4.200538635253906250e+00
4.200065135955810547e+00
4.203289031982421875e+00
4.203143596649169922e+00
4.200803756713867188e+00
4.200059890747070312e+00
4.204442024230957031e+00
4.200249671936035156e+00
4.203631401062011719e+00
4.198976993560791016e+00
4.203315258026123047e+00
4.196992397308349609e+00
4.202288150787353516e+00
4.199706554412841797e+00
4.201043128967285156e+00
4.200777530670166016e+00
4.198252201080322266e+00
4.202198982238769531e+00
4.197946071624755859e+00
4.209053993225097656e+00
4.204046249389648438e+00
4.200244426727294922e+00
4.201231956481933594e+00
4.201745510101318359e+00
4.203890800476074219e+00
4.201817035675048828e+00
4.205494880676269531e+00
4.204873561859130859e+00
4.206376075744628906e+00
4.202087402343750000e+00
4.198228359222412109e+00
4.205546379089355469e+00
4.206284046173095703e+00
4.202373504638671875e+00
4.202941417694091797e+00
4.204597949981689453e+00
4.206821441650390625e+00
4.203281402587890625e+00
4.206213474273681641e+00
4.204039573669433594e+00
4.203914165496826172e+00
4.203161716461181641e+00
4.201887607574462891e+00
4.202696800231933594e+00
4.200405597686767578e+00
4.202067852020263672e+00
4.199488639831542969e+00
4.204201698303222656e+00
4.201708316802978516e+00
4.201153278350830078e+00
4.205301761627197266e+00
4.206423282623291016e+00
4.201291561126708984e+00
4.200819015502929688e+00
4.198678493499755859e+00
4.204335212707519531e+00
4.205669403076171875e+00
4.203391075134277344e+00
4.199787139892578125e+00
4.201735973358154297e+00
4.202262878417968750e+00
4.203432083129882812e+00
4.202402114868164062e+00
4.202290058135986328e+00
4.200785636901855469e+00
4.204738140106201172e+00
4.203217029571533203e+00
4.198041439056396484e+00
4.198438644409179688e+00
4.199917793273925781e+00
4.203642368316650391e+00
4.203391551971435547e+00
4.200063228607177734e+00
4.203202247619628906e+00
4.206554412841796875e+00
4.201670646667480469e+00
4.206451892852783203e+00
4.201285839080810547e+00
4.197351932525634766e+00
4.198737144470214844e+00
4.203449726104736328e+00
4.200404167175292969e+00
4.202995300292968750e+00
4.202143192291259766e+00
4.198057651519775391e+00
4.197579383850097656e+00
4.201604366302490234e+00
4.205478191375732422e+00
4.199831962585449219e+00
4.202497005462646484e+00
4.199541568756103516e+00
4.196444034576416016e+00
4.201113224029541016e+00
4.202622413635253906e+00
4.202910900115966797e+00
4.195559501647949219e+00
4.200997829437255859e+00
4.197391986846923828e+00
4.200121402740478516e+00
4.202244281768798828e+00
4.201430320739746094e+00
4.198966979980468750e+00
4.200742244720458984e+00
4.203151226043701172e+00
4.201006412506103516e+00
4.202853202819824219e+00
4.205966472625732422e+00
4.200045585632324219e+00
4.201515197753906250e+00
4.201716899871826172e+00
4.200735092163085938e+00
4.199769020080566406e+00
4.196929454803466797e+00
4.201146602630615234e+00
4.200067043304443359e+00
4.196926593780517578e+00
4.197863578796386719e+00
4.204866886138916016e+00
4.203475952148437500e+00
4.198260784149169922e+00
4.199255466461181641e+00
4.202193260192871094e+00
4.196537971496582031e+00
4.197357654571533203e+00
4.201611518859863281e+00
4.200431346893310547e+00
4.198778152465820312e+00
4.198857307434082031e+00
4.200015068054199219e+00
4.202526569366455078e+00
4.195823669433593750e+00
4.200787544250488281e+00
4.200513362884521484e+00
4.201761722564697266e+00
4.204000473022460938e+00
4.198624134063720703e+00
4.199934005737304688e+00
4.198780059814453125e+00
4.199852466583251953e+00
4.198043346405029297e+00
4.201114654541015625e+00
4.196754455566406250e+00
4.201057434082031250e+00
4.200373649597167969e+00
4.202395915985107422e+00
4.198618888854980469e+00
4.198189735412597656e+00
4.200432300567626953e+00
4.201798915863037109e+00
4.202242851257324219e+00
4.196949481964111328e+00
4.202244281768798828e+00
4.198619842529296875e+00
4.201833248138427734e+00
4.202533721923828125e+00
4.198245048522949219e+00
4.197701454162597656e+00
4.201538085937500000e+00
4.200791835784912109e+00
4.198889255523681641e+00
4.201914310455322266e+00
4.203921318054199219e+00
4.200310230255126953e+00
4.199467658996582031e+00
4.200133323669433594e+00
4.197541713714599609e+00
4.201937675476074219e+00
4.200301170349121094e+00
4.204611301422119141e+00
4.200556755065917969e+00
4.201602935791015625e+00
4.203357219696044922e+00
4.197628498077392578e+00
4.203437805175781250e+00
4.202406883239746094e+00
4.203158855438232422e+00
4.204191684722900391e+00
4.202751159667968750e+00
4.200500011444091797e+00
4.204028129577636719e+00
4.201534271240234375e+00
4.201499462127685547e+00
4.203905105590820312e+00
4.200029850006103516e+00
4.198653697967529297e+00
4.201567173004150391e+00
4.200617313385009766e+00
4.201802730560302734e+00
4.205884456634521484e+00
4.206494331359863281e+00
4.205906391143798828e+00
4.201737880706787109e+00
4.202228546142578125e+00
4.205755710601806641e+00
4.202186107635498047e+00
4.198783874511718750e+00
4.198089599609375000e+00
4.203729152679443359e+00
4.201613903045654297e+00
4.202697277069091797e+00
4.203773498535156250e+00
4.203458309173583984e+00
4.206171035766601562e+00
4.199834823608398438e+00
4.203157424926757812e+00
4.200942993164062500e+00
4.206388473510742188e+00
4.202663898468017578e+00
4.203786373138427734e+00
4.199448585510253906e+00
4.206100940704345703e+00
4.202904701232910156e+00
4.202766895294189453e+00
4.205973148345947266e+00
4.203004837036132812e+00
4.208172798156738281e+00
4.200040340423583984e+00
4.206070423126220703e+00
4.205725193023681641e+00
4.204411983489990234e+00
4.201878070831298828e+00
4.201293945312500000e+00
4.201928615570068359e+00
4.201612472534179688e+00
4.205619812011718750e+00
4.202929496765136719e+00
4.198721408843994141e+00
4.197273731231689453e+00
4.200438976287841797e+00
4.195991992950439453e+00
4.199994087219238281e+00
4.201167583465576172e+00
4.202144622802734375e+00
4.205413341522216797e+00
4.199549674987792969e+00
4.199516773223876953e+00
4.201656341552734375e+00
4.197454452514648438e+00
4.197479248046875000e+00
4.198073863983154297e+00
4.199190616607666016e+00
4.196376800537109375e+00
4.195935726165771484e+00
4.200064182281494141e+00
4.198730468750000000e+00
4.197494029998779297e+00
4.199738025665283203e+00
4.199451446533203125e+00
4.196159362792968750e+00
4.199965953826904297e+00
4.202659130096435547e+00
4.200448036193847656e+00
4.199533939361572266e+00
4.195208072662353516e+00
4.198267936706542969e+00
4.199841022491455078e+00
4.200777053833007812e+00
4.200924396514892578e+00
4.200716495513916016e+00
4.202775478363037109e+00
4.197454452514648438e+00
4.199208259582519531e+00
4.201885223388671875e+00
4.202729225158691406e+00
4.200231552124023438e+00
4.202173233032226562e+00
4.204192638397216797e+00
4.203698635101318359e+00
4.201581954956054688e+00
4.200050830841064453e+00
4.199665546417236328e+00
4.199650764465332031e+00
4.196899890899658203e+00
4.197111606597900391e+00
4.201173305511474609e+00
4.195508480072021484e+00
4.196347236633300781e+00
4.199381351470947266e+00
4.198941230773925781e+00
4.202610492706298828e+00
4.196234703063964844e+00
4.198973655700683594e+00
4.196740627288818359e+00
4.200475692749023438e+00
4.200900077819824219e+00
4.201949119567871094e+00
4.199660778045654297e+00
4.197902202606201172e+00
4.200242519378662109e+00
4.202130794525146484e+00
4.203695297241210938e+00
4.202339649200439453e+00
4.197937965393066406e+00
4.199588775634765625e+00
4.201086044311523438e+00
4.200179576873779297e+00
4.198547363281250000e+00
4.203796863555908203e+00
4.201715469360351562e+00
4.203251838684082031e+00
4.198060989379882812e+00
4.200353145599365234e+00
4.200628280639648438e+00
4.197843551635742188e+00
4.195646286010742188e+00
4.196760177612304688e+00
4.200483798980712891e+00
4.197912693023681641e+00
4.199764251708984375e+00
4.200270175933837891e+00
4.202004432678222656e+00
4.198546886444091797e+00
4.197617053985595703e+00
4.199217796325683594e+00
4.201967239379882812e+00
4.202855587005615234e+00
4.200534820556640625e+00
4.198088169097900391e+00
4.198628425598144531e+00
4.200419425964355469e+00
4.199655532836914062e+00
4.199515819549560547e+00
4.200052738189697266e+00
4.198672771453857422e+00
4.202684402465820312e+00
4.199754238128662109e+00
4.202342987060546875e+00
4.200568199157714844e+00
4.202963352203369141e+00
4.201124668121337891e+00
4.204621315002441406e+00
4.196106910705566406e+00
4.197850227355957031e+00
4.203736782073974609e+00
4.200343608856201172e+00
4.204398155212402344e+00
4.203332901000976562e+00
4.202980995178222656e+00
4.203875541687011719e+00
4.206145763397216797e+00
4.198915004730224609e+00
4.199324131011962891e+00
4.198892593383789062e+00
4.199258327484130859e+00
4.200892925262451172e+00
4.197379112243652344e+00
4.204599380493164062e+00
4.200880527496337891e+00
4.204420566558837891e+00
4.198446750640869141e+00
4.202338218688964844e+00
4.201419353485107422e+00
4.199080467224121094e+00
4.199445247650146484e+00
4.200875282287597656e+00
4.200017929077148438e+00
4.196114540100097656e+00
4.200803279876708984e+00
4.197460174560546875e+00
4.199203491210937500e+00
4.200549602508544922e+00
4.202383518218994141e+00
4.199654102325439453e+00
4.199114799499511719e+00
4.202403068542480469e+00
4.198546886444091797e+00
4.197723865509033203e+00
4.197337150573730469e+00
4.201899528503417969e+00
4.200382232666015625e+00
4.201723575592041016e+00
4.199744224548339844e+00
4.204242706298828125e+00
4.204575061798095703e+00
4.202324867248535156e+00
4.198998451232910156e+00
4.202734470367431641e+00
4.201179027557373047e+00
4.203166484832763672e+00
4.203420639038085938e+00
4.201292991638183594e+00
4.201715469360351562e+00
4.201076507568359375e+00
4.204306602478027344e+00
4.200783252716064453e+00
4.199050903320312500e+00
4.205987930297851562e+00
4.203129768371582031e+00
4.201478958129882812e+00
4.200010776519775391e+00
4.201858043670654297e+00
4.196641921997070312e+00
4.199526786804199219e+00
4.198446750640869141e+00
4.202136039733886719e+00
4.208501338958740234e+00
4.201879024505615234e+00
4.202579498291015625e+00
4.204264640808105469e+00
4.203073501586914062e+00
4.202266693115234375e+00
4.206851959228515625e+00
4.201358318328857422e+00
4.202632904052734375e+00
4.200381278991699219e+00
4.200586318969726562e+00
4.200296401977539062e+00
4.205231189727783203e+00
4.200510501861572266e+00
4.199466228485107422e+00
4.200607299804687500e+00
4.198978900909423828e+00
4.201723575592041016e+00
4.198077201843261719e+00
4.198787689208984375e+00
4.199611186981201172e+00
4.197854518890380859e+00
4.199090480804443359e+00
4.200825214385986328e+00
4.199098110198974609e+00
4.196339607238769531e+00
4.201163291931152344e+00
4.201382160186767578e+00
4.197055339813232422e+00
4.205513477325439453e+00
4.199926376342773438e+00
4.202180385589599609e+00
4.201183795928955078e+00
4.196907997131347656e+00
4.200094699859619141e+00
4.197169780731201172e+00
4.203204154968261719e+00
4.195873737335205078e+00
4.193314552307128906e+00
4.189719200134277344e+00
4.189186573028564453e+00
4.188728809356689453e+00
4.188404083251953125e+00
4.187976360321044922e+00
4.187570571899414062e+00
4.187236309051513672e+00
4.186914920806884766e+00
4.186664581298828125e+00
4.186408519744873047e+00
4.186195373535156250e+00
4.185961246490478516e+00
4.185780525207519531e+00
4.185604095458984375e+00
4.185437202453613281e+00
4.185247421264648438e+00
4.185078144073486328e+00
4.184914112091064453e+00
4.184773921966552734e+00
4.184588432312011719e+00
4.184420585632324219e+00
4.184285163879394531e+00
4.184157848358154297e+00
4.184046745300292969e+00
4.183945655822753906e+00
4.183843612670898438e+00
4.183752536773681641e+00
4.183653831481933594e+00
4.183568954467773438e+00
4.183489799499511719e+00
4.183403015136718750e+00
4.183324813842773438e+00
4.183243274688720703e+00
4.183160305023193359e+00
4.183078765869140625e+00
4.182993412017822266e+00
4.182920455932617188e+00
4.182847023010253906e+00
4.182784080505371094e+00
4.182715415954589844e+00
4.182652473449707031e+00
4.182594299316406250e+00
4.182530879974365234e+00
4.182472229003906250e+00
4.182407855987548828e+00
4.182351589202880859e+00
4.182294845581054688e+00
4.182228565216064453e+00
4.182171344757080078e+00
4.182116508483886719e+00
4.182066917419433594e+00
4.182011604309082031e+00
4.181958198547363281e+00
4.181910991668701172e+00
4.181859016418457031e+00
4.181812286376953125e+00
4.181763172149658203e+00
4.181710243225097656e+00
4.181665897369384766e+00
4.181605815887451172e+00
4.181551456451416016e+00
4.181499004364013672e+00
4.181439876556396484e+00
4.181389808654785156e+00
4.181346893310546875e+00
4.181303024291992188e+00
4.181254863739013672e+00
4.181208133697509766e+00
4.181159973144531250e+00
4.181115150451660156e+00
4.181077957153320312e+00
4.181034088134765625e+00
4.180998802185058594e+00
4.180952548980712891e+00
4.180917263031005859e+00
4.180872917175292969e+00
4.180835247039794922e+00
4.180801868438720703e+00
4.180766105651855469e+00
4.180722713470458984e+00
4.180690288543701172e+00
4.180660724639892578e+00
4.180632114410400391e+00
4.180592060089111328e+00
4.180552005767822266e+00
4.180528163909912109e+00
4.180497169494628906e+00
4.180466175079345703e+00
4.180436134338378906e+00
4.180401325225830078e+00
4.180363178253173828e+00
4.180327892303466797e+00
4.180298805236816406e+00
4.180263042449951172e+00
4.180232524871826172e+00
4.180198192596435547e+00
4.180164813995361328e+00
4.180129528045654297e+00
4.180094718933105469e+00
4.180064201354980469e+00
4.180037021636962891e+00
4.180011749267578125e+00
4.179981708526611328e+00
4.179954528808593750e+00
4.179924964904785156e+00
4.179898738861083984e+00
4.179875850677490234e+00
4.179849147796630859e+00
4.179822444915771484e+00
4.179796695709228516e+00
4.179766654968261719e+00
4.179733753204345703e+00
4.179703712463378906e+00
4.179677009582519531e+00
4.179652214050292969e+00
4.179627895355224609e+00
4.179605484008789062e+00
4.179580688476562500e+00
4.179561614990234375e+00
4.179539680480957031e+00
4.179516792297363281e+00
4.179490089416503906e+00
4.179465770721435547e+00
4.179440498352050781e+00
4.179420948028564453e+00
4.179399013519287109e+00
4.179378509521484375e+00
4.179354667663574219e+00
4.179332256317138672e+00
4.179312229156494141e+00
4.179293155670166016e+00
4.179271221160888672e+00
4.179249763488769531e+00
4.179229259490966797e+00
4.179205894470214844e+00
4.179181098937988281e+00
4.179157257080078125e+00
4.179138660430908203e+00
4.179115772247314453e+00
4.179101467132568359e+00
4.179083824157714844e+00
4.179068088531494141e+00
4.179045677185058594e+00
4.179024696350097656e+00
4.179004192352294922e+00
4.178984165191650391e+00
4.178964138031005859e+00
4.178945064544677734e+00
4.178927421569824219e+00
4.178910732269287109e+00
4.178890705108642578e+00
4.178874969482421875e+00
4.178857326507568359e+00
4.178833007812500000e+00
4.178815364837646484e+00
4.178798198699951172e+00
4.178780078887939453e+00
4.178759098052978516e+00
4.178740024566650391e+00
4.178720474243164062e+00
4.178703784942626953e+00
4.178689956665039062e+00
4.178667068481445312e+00
4.178644180297851562e+00
4.178625583648681641e+00
4.178607940673828125e+00
4.178591728210449219e+00
4.178573131561279297e+00
4.178555965423583984e+00
4.178537368774414062e+00
4.178519725799560547e+00
4.178504467010498047e+00
4.178488731384277344e+00
4.178474903106689453e+00
4.178459644317626953e+00
4.178446769714355469e+00
4.178433418273925781e+00
4.178421497344970703e+00
4.178408622741699219e+00
4.178391933441162109e+00
4.178378582000732422e+00
4.178362369537353516e+00
4.178346633911132812e+00
4.178331851959228516e+00
4.178316116333007812e+00
4.178305149078369141e+00
4.178289413452148438e+00
4.178272247314453125e+00
4.178253173828125000e+00
4.178235530853271484e+00
4.178220272064208984e+00
4.178206920623779297e+00
4.178194046020507812e+00
4.178180694580078125e+00
4.178169250488281250e+00
4.178154945373535156e+00
4.178141117095947266e+00
4.178131580352783203e+00
4.178114891052246094e+00
4.178102016448974609e+00
4.178090095520019531e+00
4.178079128265380859e+00
4.178071498870849609e+00
4.178057670593261719e+00
4.178044795989990234e+00
4.178035736083984375e+00
4.178021907806396484e+00
4.178009986877441406e+00
4.177998065948486328e+00
4.177984237670898438e+00
4.177968978881835938e+00
4.177958011627197266e+00
4.177948951721191406e+00
4.177937507629394531e+00
4.177929401397705078e+00
4.177918910980224609e+00
4.177906513214111328e+00
4.177895545959472656e+00
4.177884101867675781e+00
4.177873611450195312e+00
4.177865028381347656e+00
4.177854537963867188e+00
4.177843570709228516e+00
4.177837371826171875e+00
4.177827835083007812e+00
4.177817821502685547e+00
4.177807807922363281e+00
4.177796363830566406e+00
