44.07175
44.88092
45.642506
46.209003
46.26859
46.600586
48.45875
46.654922
48.803753
47.654587
47.854588
49.22934
49.812
50.09067
48.466835
49.44492
50.949585
51.13192
52.578167
49.73075
50.599834
49.566
52.26867
50.355167
51.006584
52.06017
51.082752
51.734253
51.25192
51.31992
51.52742
52.272755
52.024586
51.467167
50.12742
51.647915
53.047752
52.541004
52.289417
52.636086
52.745834
52.629166
51.918587
53.697002
51.66092
52.04067
52.96467
50.784924
52.08142
50.797585
52.932583
51.470917
52.939335
53.578335
52.259335
53.48683
52.622337
52.847668
51.44867
52.72675
50.786503
51.845753
53.449417
52.21817
52.864502
52.774582
51.095757
53.143
52.58242
52.401752
52.48175
54.919666
52.517
52.932167
52.697334
53.81192
52.399338
51.13517
51.516502
52.762836
52.99717
51.705585
52.334415
51.914085
50.531506
52.9565
52.502083
53.8595
51.763
51.336838
52.515415
53.45317
54.539917
53.555836
53.89567
52.817585
53.530334
53.853752
52.774586
51.24992
54.11467
53.05734
52.412334
52.133087
51.875004
53.161003
52.879086
53.317
53.7495
52.09817
55.233334
53.665916
54.300747
52.78367
52.779587
53.562668
53.794918
53.50117
52.965168
54.966164
53.181335
54.203583
53.370083
53.36817
52.710083
52.86317
53.331917
54.468163
54.282253
52.325916
52.907337
54.08475
53.06167
51.913666
53.884922
52.823833
53.133087
54.013668
55.0525
52.2695
53.747585
52.320335
53.16675
53.73692
53.06667
52.72908
52.746002
54.421913
53.670918
53.759167
51.665916
53.154583
53.627422
52.507755
53.444336
52.339005
52.630753
53.690502
53.489002
53.21192
54.34492
54.470333
54.302753
54.05942
54.372
53.718086
53.715584
54.68608
53.981083
53.896503
54.19267
54.46767
53.467503
53.595085
54.40659
52.533504
52.63692
52.394005
53.381584
53.798836
54.31375
53.464584
54.11492
51.881836
53.133667
53.06484
54.83475
54.063587
54.912918
53.715664
53.751835
54.739582
53.860584
51.99692
52.780334
53.181087
53.808167
53.232086
53.31484
53.67217
54.252003
55.11659
53.832832
54.55092
53.911503
53.731586
54.19942
52.51575
53.411167
53.88517
52.700085
52.931503
54.450333
53.809917
52.866917
53.899754
54.084
53.60492
54.02867
54.49817
53.499336
53.6975
51.35317
55.169674
53.097584
53.794838
54.815834
53.180416
54.538498
54.79867
54.718086
52.569336
52.580917
54.331085
53.300087
54.26117
53.96692
54.569668
53.56675
54.363255
55.085587
54.07692
53.017006
53.3125
53.84875
53.753754
54.586838
55.638996
55.9005
53.800503
55.34492
53.60425
53.80075
54.93492
54.738247
54.532585
54.020832
55.363503
54.776173
54.81767
53.165085
54.427586
55.052254
55.036003
54.319584
54.602917
53.65042
54.61375
54.65742
54.734497
53.800587
53.19075
53.501835
54.50275
53.2345
54.888256
53.677837
55.017414
53.689335
54.08067
55.05392
54.452583
55.47125
53.206333
54.156586
54.067505
53.658504
52.701584
55.58317
55.46992
54.45917
54.582664
54.132584
55.13659
54.471756
54.698997
54.473667
53.43
53.25783
54.58284
54.591084
55.386417
55.852085
54.363503
55.70108
54.585503
55.035168
55.526836
55.254753
55.836674
54.704422
54.80092
55.886417
55.428673
54.036922
55.47567
56.374336
54.559917
54.3025
55.586086
54.283337
55.465755
54.495335
54.702084
54.60625
55.15067
54.769337
54.390587
53.719498
54.222336
53.955334
53.68217
54.939
55.342422
54.600838
54.83375
54.957085
55.06875
54.902004
55.403843
54.877754
55.22975
55.68458
55.32358
54.111336
55.43634
55.276333
55.13533
54.977005
55.14909
53.60825
55.906498
55.505585
58.166336
56.061256
54.11925
55.206837
56.574173
53.5385
54.38817
55.322754
54.76517
56.257915
56.37417
55.35267
55.531002
56.200756
55.474335
56.036335
54.002254
55.992332
54.57642
55.172005
55.988667
54.23625
54.450836
56.89867
54.878086
54.668003
55.426086
56.510925
56.15017
53.544003
55.654335
54.9425
56.10608
55.356503
55.565586
56.50892
54.089005
55.17051
56.093086
54.610336
55.180252
54.356503
56.511665
56.546333
56.02175
55.380833
56.21301
55.056835
54.760586
55.288086
56.839005
55.845
57.715168
56.85591
55.79517
56.725338
56.50867
55.49367
56.861004
56.4
56.411743
54.772167
56.17392
56.616665
54.899837
56.808834
57.067917
58.155838
56.93225
55.424503
55.501915
57.912415
56.65051
55.66375
56.334667
55.545338
56.52983
56.272083
55.89492
57.417423
56.05034
55.261417
55.363503
57.07033
56.27392
54.837746
56.059246
56.794582
56.833084
57.568
55.559338
55.592167
56.195168
57.42858
56.397175
56.94884
58.857006
55.757748
56.722748
55.99216
58.669582
56.263332
56.994583
56.782585
56.330585
56.114674
56.786667
58.081173
56.6505
56.998837
57.13484
59.62592
57.89467
57.629337
55.542004
57.10158
58.814167
55.791504
57.078503
57.427254
57.84375
56.480247
57.320755
57.335754
58.317917
59.104504
57.130665
58.706
56.799503
59.29942
57.534504
57.22125
59.1265
57.524
57.985916
58.533417
58.134422
57.750923
57.78067
58.095417
58.02233
57.389168
57.44875
58.1345
56.820755
57.63917
57.16892
57.832253
58.59984
58.315247
56.681335
58.918587
58.20483
57.898254
57.826668
57.763
57.73733
58.078255
57.550835
58.65067
56.660755
58.803997
58.73817
59.055416
58.014584
58.854244
57.7855
58.703335
57.218502
58.24542
57.901
58.177834
57.300587
58.539337
58.156666
57.355587
58.77267
58.672752
59.952084
59.4825
58.929585
59.005093
57.84384
57.863335
59.521503
60.294838
58.903503
59.925415
57.121082
57.093674
59.089836
57.787254
59.48117
59.568504
59.131836
58.070415
58.176334
58.62783
58.561913
58.320248
60.554165
59.77425
58.733
60.60892
59.46358
59.956665
59.66108
59.909004
59.671
60.95858
58.868587
59.409924
59.824505
59.859753
59.602753
60.728497
61.525246
60.76284
59.54483
61.66642
59.77892
57.656757
59.681667
59.490246
60.495502
60.832085
59.112003
61.1945
58.831837
61.14534
60.394833
59.39634
60.31142
60.187584
60.021164
60.5175
59.530754
60.162083
61.62217
60.14725
60.587006
60.560833
60.43683
60.723835
59.76966
59.57733
61.097668
61.194168
61.52975
62.08475
61.34875
58.28875
60.978256
60.562916
60.77392
60.74367
60.178425
59.796665
62.62125
61.895756
61.186497
60.47975
61.579582
61.35359
59.99
62.261417
61.91425
62.240833
60.958836
61.237003
62.77425
62.433918
61.771336
59.320415
62.517414
62.90109
61.301834
62.60533
61.98092
64.262085
61.26217
62.059246
64.277084
61.17075
62.528255
63.046
62.207577
62.867916
63.095333
61.808586
63.103996
62.35909
63.496506
63.024082
62.18659
63.114914
62.073997
62.12909
61.276333
64.72583
62.657917
63.586582
64.451996
63.699413
63.73358
63.937424
63.975502
62.048
63.868332
64.21659
63.3855
62.014168
65.56767
64.09475
64.44517
64.928246
65.96941
64.974
66.345
67.00676
64.47217
65.993996
64.66009
66.01117
65.66492
65.66116
66.47534
65.8025
65.12842
65.64025
63.847507
66.045746
66.099915
65.750084
65.774666
67.18758
67.24325
66.76608
67.12267
66.82892
67.73034
66.69892
67.32201
68.30684
66.11392
67.18208
66.805664
67.49642
68.388664
68.545586
68.02392
69.83741
69.42642
68.151665
68.72459
68.10858
66.79492
67.97691
69.84309
68.618996
69.452255
70.46233
68.87925
68.09625
70.332085
70.50117
69.99525
68.063416
70.84417
69.81608
71.68017
67.43684
71.4085
70.71925
70.7005
71.446754
71.03975
70.58566
71.10941
70.07742
71.827415
70.929245
71.56958
72.41625
71.46575
72.05492
70.347084
71.11617
71.10017
71.0125
72.97983
71.42309
71.74525
71.9455
71.66392
72.666084
71.52108
72.2215
72.000244
72.76725
72.258
71.857574
73.36534
73.50224
74.27267
74.14225
72.44159
74.66142
72.194084
74.33884
74.306915
74.28992
75.891174
73.194244
73.71367
75.94725
74.18892
75.21242
75.33067
75.32775
74.19233
76.14542
73.8555
75.22725
73.61117
74.83267
74.14975
74.66333
75.52333
74.36725
73.74358
73.825836
74.654
75.8125
77.53691
75.86525
76.65716
75.87009
75.91233
76.50833
76.97241
77.82575
75.905075
76.69866
75.79375
77.60833
78.37767
76.50433
78.13042
78.25642
77.184586
79.1495
78.01933
79.36958
78.175
78.82217
79.30575
78.63391
78.954666
78.0795
81.589584
79.18908
78.64775
78.34742
78.20592
80.31375
80.466835
80.03742
80.498
80.732254
79.89591
80.14625
80.03384
80.497
78.87875
80.41167
80.9025
79.60025
81.14709
82.410576
81.26642
80.52258
81.59983
81.36916
81.003334
82.07309
81.788994
81.55325
80.9025
83.41808
83.79233
81.93125
83.25266
83.39442
84.09916
83.79667
83.56567
81.84866
83.81333
84.47842
84.928085
84.68208
84.663994
83.42458
84.967255
84.25
84.54542
85.65158
83.43534
84.85342
85.83933
86.34275
86.11934
85.65558
84.24917
87.076416
86.8395
86.35025
85.67491
86.40383
88.22642
87.600914
88.27333
85.43983
87.04375
88.3645
87.60675
87.09209
88.26292
88.31408
87.81309
89.72433
88.35066
87.98009
86.71358
88.415665
90.0475
88.59608
89.16191
88.919754
89.92434
90.24425
90.48483
91.04966
89.168335
89.13767
87.61317
89.80866
88.50809
90.80924
89.42025
89.90459
89.565414
90.30625
89.8465
91.95558
90.54259
91.908165
92.49767
90.874
91.35625
92.41541
93.15075
92.014915
91.54783
93.14083
90.073166
93.305084
92.615
92.26142
93.362915
91.642
92.59475
91.87858
91.5985
92.461586
93.35816
93.3095
90.544586
93.36282
92.94641
95.103
95.891335
95.71992
94.29833
95.117424
95.23183
95.22583
96.76183
92.53957
95.76283
94.885666
96.30017
95.424164
96.074165
94.65625
96.395164
95.20959
95.78775
95.82958
97.113335
98.012085
96.59633
96.09633
96.249084
97.88591
98.544754
97.171
96.52617
97.88267
99.17241
97.8485
96.88799
96.15008
97.333336
97.601006
98.944336
97.25108
98.23091
98.373825
98.46284
99.15542
98.8855
99.85284
99.30742
98.66675
97.73708
98.31625
99.027
98.99391
99.97091
102.5785
99.42091
99.51008
100.27167
101.22558
99.899414
101.50974
99.866325
102.06533
101.83
101.34541
100.24309
100.25958
101.30608
101.46941
100.24266
101.696915
101.58125
103.799164
101.90033
101.697334
102.698166
103.75083
101.4485
102.9855
103.56775
101.61925
99.225334
101.738335
101.66908
103.96958
100.648506
103.23517
102.46349
104.020996
103.55283
104.0555
103.81475
103.8025
103.42466
104.383675
104.921005
103.55191
104.19
104.51808
104.4415
106.778336
103.5765
102.82617
103.680244
104.58742
105.15642
104.03941
105.742165
104.64333
105.72833
105.214165
103.53258
105.631996
104.0095
104.58991
105.759834
105.98108
106.71558
104.77575
105.86058
105.35941
107.27267
107.24675
106.194664
106.31125
106.07966
105.29408
104.94067
106.84316
106.52783
106.54892
107.53999
106.76133
107.169586
106.062416
109.167
109.13217
107.4495
107.24416
107.09742
104.89333
109.651665
107.79125
106.79416
107.797
109.07142
108.56475
108.3335
108.218834
108.31958
107.337746
107.75375
107.58192
108.383415
109.486176
109.72225
110.15492
108.200584
109.823
108.91049
109.886826
108.00558
109.02591
109.6564
108.79967
110.60682
111.305664
109.51951
109.87259
110.32216
109.989
109.00933
109.957405
111.539085
109.14025
110.02174
110.15341
111.63576
110.33983
110.69065
109.94074
111.20491
111.076744
109.81091
111.25568
111.16417
113.141495
110.42349
112.60891
110.29641
109.34224
111.22783
112.74576
112.21367
113.79317
112.46383
111.32682
111.96208
111.17934
112.925
111.99416
112.57932
111.51516
113.114586
111.78341
112.20883
112.16408
111.82858
112.14633
113.36216
113.14383
113.619415
113.429756
112.10066
116.435
112.59917
113.03333
114.0
112.71474
114.580414
113.897
114.16824
115.14759
113.809326
113.94924
113.763336
113.27733
112.27974
114.11599
114.06158
113.99974
113.63224
115.49867
114.08008
113.46525
111.86833
114.268
114.715576
114.99875
114.63517
115.10066
116.07184
114.052086
112.85083
115.26725
116.20617
112.66891
114.335915
114.97258
114.5035
115.65299
113.804
114.424164
116.87174
114.768906
116.62758
114.349
116.15157
115.99318
117.90758
115.35792
116.18349
115.85716
114.8719
115.683075
114.185585
113.458336
116.20883
116.14409
116.62292
116.84117
116.97349
117.60267
117.91216
115.76083
117.72459
117.975
115.87483
116.173584
118.71709
117.15625
116.79125
115.08992
118.879425
117.445496
117.362915
116.75892
118.231926
117.47892
117.257835
117.141174
118.27974
117.60801
118.875755
116.35217
118.63235
117.844925
119.37409
118.11267
117.32958
117.81458
117.17549
117.87299
117.4665
119.31159
118.642914
117.04341
119.212654
117.27941
117.92451
117.71241
117.39375
119.328255
118.91458
119.51375
118.49392
119.41441
120.74742
120.44924
118.96167
119.21409
119.714
119.43216
118.2
119.63366
120.05008
120.56909
119.75042
120.90284
120.148415
118.733826
121.19924
119.45318
119.482254
120.79958
118.48034
120.40108
119.937256
119.91867
121.06633
119.482086
122.386826
120.3685
120.548584
119.704834
122.35191
120.81992
122.357086
121.32324
121.523994
121.268906
120.48625
121.236496
123.407005
120.15349
121.97041
119.56834
120.62485
120.33542
123.95383
122.99016
121.103905
123.289085
122.02016
121.88758
122.02466
123.77176
121.204506
121.87142
123.24466
121.140335
122.890076
121.1236
122.721825
123.11951
122.6264
121.007576
123.57549
123.19076
123.173676
122.37049
121.67026
122.140076
121.97224
122.75542
123.042915
122.08866
121.58667
122.09058
122.337006
122.489586
125.21558
123.7535
122.95467
123.40875
122.43974
124.22375
122.00916
122.64167
122.10659
125.021996
124.647995
124.612236
123.92799
123.947655
124.4975
124.34617
122.17451
125.39409
123.39409
124.79667
124.028175
123.559326
124.22841
123.89641
124.26441
124.46383
123.35593
124.32908
124.045166
126.29566
123.86142
124.297905
124.03149
125.48266
123.566666
126.27625
123.32659
124.96735
125.91159
125.715416
124.8325
125.115746
125.15216
124.53326
125.562996
124.89934
126.14966
126.64367
125.518
124.079414
126.69375
124.816666
124.86125
125.982994
126.265335
126.53318
123.71549
126.45191
125.98091
126.68659
126.36466
126.684166
127.249664
125.93008
126.13474
126.08784
126.333084
126.43584
125.52
125.518166
127.789925
127.4825
127.06867
128.23592
126.03274
124.72983
127.736404
126.395584
125.76983
125.73651
126.001175
126.201416
125.19875
127.52034
125.85068
126.65383
126.188675
128.00417
127.499245
126.91799
124.60284
127.604324
129.22066
125.86883
127.45292
127.00383
128.92291
128.39026
126.71433
127.501495
126.785
126.73333
127.37258
126.903595
127.80524
127.05034
127.75317
128.47557
126.86608
128.38649
127.705574
126.68992
128.04274
126.906586
127.74008
128.27258
127.29076
126.98924
126.67184
127.704926
128.509
127.55701
128.94116
127.97299
126.20651
127.97
127.08557
127.907425
130.37592
127.95659
129.19366
127.73975
128.07584
128.62799
127.67867
128.59317
129.50784
129.10576
128.70876
129.47417
128.44017
128.14383
129.04076
128.5625
128.95792
129.6419
128.97575
129.15799
130.29483
129.93259
130.66458
129.75275
128.69157
130.12949
128.87709
128.11493
129.42674
130.56209
129.93134
129.44258
128.77858
129.00784
128.12666
129.04367
130.44441
131.01776
129.39291
131.23267
129.998
129.02716
130.67633
129.17892
131.06767
128.59433
129.85966
130.58133
130.15242
129.14325
129.343
128.34698
130.61041
130.377
130.72691
129.21133
129.92958
129.04701
130.46275
131.45007
131.48326
129.72882
129.47983
130.84784
131.71834
131.49834
131.18091
130.92883
130.81242
130.51099
131.88258
129.67859
131.46875
131.133
131.05215
130.71474
131.28534
131.8135
132.59917
132.0684
131.13058
132.41583
131.06517
130.2975
130.9475
130.31284
130.983
131.9141
132.57275
131.44908
130.56541
132.16684
131.987
129.7155
130.853
131.71507
131.24942
132.20148
131.85016
132.09917
132.51842
131.46701
130.085
131.78159
131.66632
131.79782
132.14941
132.96692
132.2225
131.23308
130.63483
130.64566
130.98549
133.60275
133.23633
131.00383
131.16609
132.815
133.03549
132.76941
132.23201
132.01591
132.10167
132.53424
131.78549
132.6139
132.88867
134.0215
132.51758
131.5025
131.75534
131.451
131.73901
132.57018
132.67
131.08475
131.80634
131.73392
131.35277
132.37093
132.55034
132.15025
132.88942
131.76875
131.59883
133.55559
133.22198
132.98833
133.28984
131.65533
131.13116
131.83716
133.97066
133.55034
132.17441
133.00276
132.52133
133.11034
132.65367
131.55391
131.0899
133.18967
133.57349
133.33525
133.36058
133.73933
133.37726
132.30925
133.15807
132.25183
133.80458
134.52258
133.121
132.74358
133.70483
132.00342
134.44118
134.07382
132.85333
133.28458
134.9445
131.59149
133.85757
133.33925
133.43924
133.26093
133.17284
134.66959
133.48799
132.97641
133.10825
132.8275
131.9865
133.66083
134.32433
134.19118
134.13951
131.4905
133.80292
133.30875
132.72466
133.76007
134.66142
132.60417
132.56024
133.64183
133.80833
132.25732
134.76941
133.07533
133.99066
133.91075
133.67557
134.1415
133.3775
134.35333
131.30473
134.22508
133.93709
133.94667
134.55975
134.05891
133.45708
135.12799
133.46242
134.6739
133.82666
135.0599
134.62416
134.07208
133.95816
134.97891
134.64159
134.2265
132.97235
134.10783
135.06209
133.56
134.01466
135.12534
134.38058
132.61858
133.95583
132.35667
134.16376
134.6309
134.0755
134.8919
134.1965
134.83041
133.72777
134.41
134.71317
134.95982
136.03041
133.97626
133.8405
134.00792
133.82066
133.49417
135.37599
134.14008
133.82515
134.49701
135.49492
135.51266
135.29333
135.21567
135.18016
135.39493
135.99858
133.08125
135.00975
133.22841
133.35757
132.79459
133.94057
135.54584
135.61368
135.37833
136.12866
135.81715
135.32959
134.59424
134.37917
134.91025
134.49374
134.69559
135.80684
136.40016
134.45833
134.99892
136.0625
136.37659
135.82726
135.57576
134.27458
135.14484
133.99142
135.54617
135.125
136.51367
134.12549
133.761
135.52841
134.94559
133.61409
135.88066
135.5461
134.81026
135.54533
136.12917
133.6595
135.897
135.41034
135.6436
134.86299
135.47925
136.14626
135.63109
135.36484
134.29858
136.53242
135.81375
135.72443
135.45892
135.95026
133.978
136.93292
133.86192
134.479
133.79567
134.27858
134.51392
135.24191
135.3645
135.11607
134.07826
135.47858
134.81091
135.88258
135.65141
134.49617
137.23209
134.713
136.63159
135.81209
136.22865
135.84584
136.01517
136.16367
135.32567
135.06467
135.71365
136.11516
134.91591
136.06667
136.18658
136.24783
136.56741
135.08159
135.48549
136.9515
135.32767
135.05083
137.98575
135.33542
136.28159
135.14867
136.83383
136.33492
135.43382
137.11458
136.13492
134.86484
136.01526
135.68224
136.09859
136.88458
135.57808
134.99583
136.9664
135.83266
136.57866
135.48216
136.26283
137.28076
136.95099
136.43599
136.58067
136.59982
138.20216
136.23125
135.84691
137.63734
136.93225
137.06657
137.36992
135.981
137.367
136.68591
136.60008
135.07841
136.60558
136.69867
136.80283
136.66518
136.14659
137.18466
136.63309
137.454
136.56909
136.59807
135.115
137.19775
136.79967
136.83049
137.116
138.03392
137.03442
136.60199
135.03125
134.84917
136.48291
136.52017
135.383
134.46309
136.97066
135.68333
136.09883
136.36667
136.654
136.20117
137.46942
136.13225
135.39409
136.38359
136.96391
136.68433
136.63216
136.76743
138.165
137.25034
138.5675
136.65025
137.53758
137.46767
137.68524
134.53217
134.66557
138.06725
137.18257
136.71967
135.8509
134.4455
135.31691
135.73201
135.89941
136.30215
137.70125
138.31592
136.0684
137.83716
137.28542
135.8165
137.42917
137.08891
137.01808
137.03625
136.86217
138.6055
137.92175
136.51933
136.20067
137.57
137.36626
138.55843
138.63466
137.01567
136.88167
138.77023
137.25409
138.2401
136.13583
136.38925
137.7555
136.15509
137.71774
136.83333
135.7685
136.646
137.50441
135.31467
136.09958
135.12965
136.51358
138.03558
137.28424
136.81833
135.28291
137.88774
137.00375
135.80458
137.96675
137.70184
137.63535
138.50658
137.97508
137.68468
137.41824
136.73814
137.7025
137.38191
137.27258
138.43692
137.48766
135.11557
138.17258
137.28308
137.32167
138.38824
138.30441
138.48683
138.77284
137.32
136.31984
137.65132
137.50316
136.75084
138.20483
137.38675
136.03342
136.86723
137.07068
137.80325
137.50375
136.30075
138.53807
138.25392
137.98825
136.72084
136.62083
137.475
137.68916
137.73524
139.90576
136.6849
137.92467
138.08942
137.52174
137.38649
139.98932
136.30083
140.1565
138.60857
137.62051
138.3875
137.50768
137.7709
136.85117
137.65276
138.82242
137.5399
138.98558
137.73799
136.2685
139.50758
135.88434
137.02277
137.36517
137.34216
138.79108
137.41867
137.33951
137.23341
136.536
138.40875
136.90674
138.369
137.83667
136.4025
137.7885
138.44308
137.50166
137.12267
139.69109
137.8089
138.8345
137.31708
138.25557
137.03542
138.60834
137.98859
137.77559
138.33508
137.67258
136.68524
138.1914
137.52234
139.78775
138.13625
136.75375
137.72041
138.67674
138.60849
137.2875
139.70883
138.08807
137.80641
138.8209
137.5534
137.77383
137.02292
139.43924
137.44041
138.87367
139.20592
139.29193
137.45383
136.75299
138.35625
139.50583
137.73708
139.77466
139.85709
138.65634
137.67099
138.85924
138.27034
138.45825
138.89183
137.787
139.48975
138.46841
137.6735
137.71976
139.026
139.6236
139.31367
138.83817
138.49333
138.15558
139.588
138.82242
137.50383
137.75267
139.072
138.59026
137.87534
139.62592
138.1705
138.48584
138.15475
138.52432
138.2234
140.81017
137.74184
138.50392
137.29976
138.52484
138.99107
137.45659
138.63866
137.85442
139.72292
138.07309
138.62201
138.42334
138.85083
138.74033
138.35567
138.75768
138.925
139.03867
139.06125
139.90591
138.59409
138.6889
139.06224
138.7064
138.24326
138.20734
138.1389
138.18633
138.38925
137.97325
139.53758
139.07625
137.77333
138.18692
137.67299
138.29132
138.542
138.77492
138.54076
138.62375
139.42476
138.37035
138.74341
138.01042
138.42725
139.14368
136.65517
138.74167
139.15958
138.59442
137.14368
138.23993
138.89317
138.71208
138.82417
138.5755
138.66118
140.14
139.86458
139.72682
139.27434
138.46107
138.12108
139.45909
140.13792
137.77557
139.90942
140.18983
138.67291
140.09183
138.65976
138.89008
139.5939
139.41167
138.54016
138.32208
140.17592
139.90565
139.27199
138.98932
139.04349
139.06108
139.18167
138.52417
138.19376
139.17334
139.024
139.41075
138.20708
139.54659
138.99008
139.53114
139.0585
139.85783
139.14633
138.14084
137.80484
138.57466
139.5555
138.45807
139.16942
139.09326
138.17235
139.59099
139.77367
138.80724
138.81233
140.2405
138.29132
139.72118
140.66183
137.5875
137.87842
139.37799
137.72383
137.79341
140.27475
138.38742
139.18042
138.09158
139.59059
140.81233
138.79324
139.70956
139.57474
139.74152
139.44473
139.04466
138.08833
139.80959
138.83974
138.95734
139.36008
138.61024
138.05724
139.31058
138.8939
139.34467
141.04608
139.97867
137.75732
140.38916
138.07191
138.90767
138.79242
138.09383
139.72849
139.79367
138.74275
139.97484
138.69366
138.04016
138.96515
139.50865
140.56183
139.47574
138.38899
139.53966
138.62451
139.37799
136.82184
137.22198
139.39667
140.39175
138.51083
139.5075
138.35916
138.8935
139.62943
138.74316
139.6435
138.622
138.69191
138.8075
137.12943
138.32524
139.29459
140.32515
140.29375
139.74625
139.11041
138.05992
138.69359
139.67651
140.1934
138.32591
139.97792
138.8425
139.34282
139.9605
139.92741
137.62392
139.44075
138.34459
140.22542
137.57333
138.84416
138.1714
139.16118
139.879
140.26016
140.3105
139.09033
139.19092
139.38976
138.99507
138.94049
137.84352
139.38783
139.44066
139.52199
139.84442
139.31076
140.79492
139.99358
139.245
138.62599
139.60959
139.62283
140.81284
137.84209
139.47725
139.47917
139.55983
138.67166
138.04233
137.95876
139.46617
136.77357
139.97867
140.31284
140.54417
138.97607
139.82782
139.72777
139.24341
139.19325
140.6785
140.21417
138.69133
138.64308
140.16049
140.52875
141.37817
138.13933
141.26091
139.99417
139.81242
138.76115
138.84166
141.01375
139.16292
141.49567
140.39226
139.40834
140.46349
139.62892
139.31076
140.62474
141.87866
138.22734
139.29083
139.99675
139.29132
139.84648
139.64575
140.71642
139.4305
139.8144
140.697
139.11226
139.12541
139.14432
139.26208
139.39342
139.81276
139.81091
140.22966
139.62567
138.9795
139.2311
138.99158
140.52907
140.64766
138.71193
140.63159
139.4426
138.29132
140.31467
139.33083
139.72758
139.22734
140.65034
138.34483
140.6609
140.01274
139.3445
137.99034
139.83075
140.37932
140.78015
140.07608
139.29317
140.14893
140.56432
140.1934
140.82608
140.54167
139.36166
140.293
140.81557
139.68034
138.77583
139.67876
141.40791
140.2124
140.7455
140.31192
140.18076
140.74509
139.29584
141.91516
142.03183
140.52817
139.3785
140.04451
138.29242
139.9935
139.47583
140.28076
140.6465
139.59541
140.59233
139.30849
139.79242
140.46326
140.92876
139.69833
138.29274
139.85942
140.99542
139.07959
139.91049
139.6114
139.4791
140.49358
140.49434
140.22925
140.347
139.32608
142.01384
140.01541
139.84666
140.36166
140.06383
139.59557
140.84766
140.12534
139.44867
141.028
138.28009
140.94376
138.7474
139.80934
140.35999
138.62949
139.12766
141.66309
139.99208
139.98375
141.46375
139.18216
141.3314
140.7815
139.87775
140.39368
139.04242
140.04576
139.24716
140.43016
140.193
140.33008
140.88191
141.07983
141.64523
141.131
139.5455
139.24783
140.98235
142.31325
139.57924
139.45909
141.928
139.07993
140.23175
140.68025
140.69917
140.5464
141.3125
139.32799
138.74692
141.04659
140.41391
141.02908
138.84758
139.93076
139.36235
141.88126
139.86351
139.58167
140.19383
140.24933
141.58008
140.37799
139.93091
140.16167
141.07933
139.51242
139.99617
141.49675
141.63066
141.39975
140.53041
140.1125
140.44133
139.09283
139.02858
139.55951
139.36333
140.44785
141.16318
140.46657
140.98424
140.29567
140.29851
140.52774
140.42949
141.55058
139.63309
140.16208
139.9466
141.2005
139.29466
140.4575
139.32892
140.79541
139.69176
140.62859
140.24774
140.71425
140.07574
140.34549
140.0975
140.79942
140.32898
138.26283
139.16333
140.2314
139.77992
141.3144
140.67416
139.51067
140.32625
140.72966
140.03041
140.2785
139.11226
141.47874
140.14674
140.09566
140.04483
140.311
141.96507
141.39867
141.34799
141.06383
140.04517
141.39816
140.06367
139.59525
141.31117
141.53667
140.263
139.98
139.97792
140.59743
139.71333
141.09909
141.24883
140.96143
139.4119
139.07967
140.41441
141.79716
140.36284
138.97816
139.914
140.12917
141.24567
139.76492
141.01392
139.53217
140.6816
141.02875
141.2675
141.4664
140.66425
140.49341
140.42743
140.66458
139.13008
140.87993
139.45924
139.06216
139.62975
141.39626
140.61542
139.79382
140.27417
140.38216
140.48274
140.91599
140.79666
141.89542
139.09508
139.613
141.38326
138.91357
140.61275
141.08624
142.6839
140.91367
141.34717
140.59683
140.47607
140.294
141.86568
140.0415
140.19858
141.39967
140.96507
139.71133
141.21349
139.9661
140.36235
140.6166
140.86642
140.28166
140.13158
141.59792
142.08217
140.71333
140.44785
140.4641
140.73433
140.96617
140.347
142.1355
139.74757
140.31216
141.36449
141.68266
141.51791
142.03674
140.49925
141.91292
141.84859
140.90057
140.38216
141.66675
140.19684
142.20033
141.11674
142.03493
139.64792
139.69708
141.04916
141.51616
139.76941
140.79816
140.34601
140.49818
141.93076
140.05234
140.11551
141.19716
140.31467
140.84784
140.62823
141.14609
140.19934
141.69525
140.93617
141.79674
141.38191
140.63374
139.96533
140.31284
139.26974
140.43175
140.3355
140.92734
140.7814
142.3834
141.03275
140.84924
141.7291
140.73424
139.54417
141.73517
141.80641
141.36308
139.93083
140.41591
139.78041
140.55083
141.36732
141.14792
140.68016
141.43192
141.06775
141.24818
141.36015
141.09868
139.94815
141.1641
140.80109
142.05034
140.53026
140.49667
142.54993
139.99641
139.26334
140.81459
140.06218
140.14708
141.56392
140.93192
140.88374
141.36316
141.31541
140.96152
141.09808
141.03325
140.54868
139.78024
141.9149
139.44742
140.04341
140.56349
140.96959
139.92725
141.36917
139.73175
141.01515
140.98193
142.18216
139.94699
141.75267
141.26666
141.6325
141.34691
141.37965
142.24916
139.86368
140.9165
141.78583
141.76451
142.36667
140.90208
140.86243
142.08109
141.14816
141.6966
139.8999
140.63017
140.24583
141.29958
141.81725
140.6685
140.21608
141.12784
139.74684
140.70183
139.61351
142.65625
140.76567
140.51666
142.16542
139.46341
140.44441
141.86691
142.24942
141.84743
140.44684
138.90407
141.92982
141.97041
141.21515
141.132
140.38174
142.08049
140.96275
140.51666
139.71451
141.08699
141.2116
140.63284
140.7189
141.76776
141.74606
141.12851
140.0655
141.50082
139.74841
141.99692
139.99765
140.83292
139.91692
141.61101
140.74667
140.73132
140.34825
140.649
142.21524
141.45158
141.61833
140.69608
139.71515
141.45058
140.21516
139.68442
141.76799
140.86598
142.28316
141.11925
141.08458
142.48799
141.98033
140.3185
140.99884
140.99925
140.75233
142.5169
141.88318
141.19951
141.81883
140.74632
141.30292
140.56784
140.79875
141.53242
139.78067
140.49632
141.36867
140.63234
141.53317
140.9674
140.1335
142.75041
142.39766
139.96533
141.27916
140.4325
141.05008
140.71858
139.89975
140.83266
142.31691
142.43408
141.71765
142.33208
141.81601
140.7799
140.38266
140.86826
140.66774
141.0356
142.234
141.61742
140.09833
142.80017
141.08333
140.43292
142.21974
141.479
140.65175
142.11484
141.26591
141.06682
141.60233
140.38167
141.61758
141.08316
141.06625
140.566
141.8165
142.81783
141.56557
141.48367
139.96857
141.31708
143.31891
140.7155
141.5685
141.19867
140.76326
143.08316
140.93584
140.41583
139.69783
141.60117
140.81592
141.016
142.49925
142.30008
141.65042
141.88017
140.99976
140.38225
141.33167
140.90242
141.3
141.69983
142.49966
142.28516
141.99776
141.54825
141.766
140.71817
141.81358
140.98265
143.18774
140.9335
141.88057
141.75034
141.31183
141.41316
141.23257
140.21417
142.2835
142.41534
141.73366
140.95108
142.10231
142.06825
140.02725
141.33359
143.45265
140.56625
141.28609
141.66527
140.967
141.44725
141.43266
141.80109
141.50008
140.26749
141.58258
140.98291
142.35042
141.45067
141.31816
140.64857
141.53526
141.66682
141.49966
140.28334
141.3015
142.70224
140.44917
140.28033
142.16867
140.91527
141.08466
140.43042
140.57924
141.94643
140.69908
142.13458
140.44759
141.54732
140.60107
141.56583
140.59941
141.53525
141.865
141.56966
142.39432
141.73224
140.09642
140.76767
140.89651
140.96758
141.80316
143.083
142.08759
141.321
141.76765
141.41966
141.13191
140.56516
140.59917
140.80075
140.04808
141.35184
141.26709
140.50209
141.55309
140.93533
141.39966
141.86859
142.735
141.13348
142.48476
140.18175
141.01868
141.05482
143.23517
141.26616
141.23091
141.91783
141.67
140.29916
140.47101
141.29674
141.43558
140.84814
142.7669
141.13266
141.39992
142.07076
140.63383
142.60083
142.10326
139.74858
140.88174
141.88408
141.95317
142.1035
142.03491
141.18533
141.46916
140.9995
140.26549
142.21933
142.1535
140.47966
141.05215
139.96857
141.6655
142.35025
141.21516
142.30367
142.65208
142.45625
141.66542
141.60315
140.1484
140.70299
142.01608
140.7995
141.736
141.80042
141.98524
141.76674
141.5534
141.98692
141.09875
141.51683
141.93709
141.73424
140.30017
141.96884
141.48149
141.83641
141.31508
140.26549
142.73524
141.8525
141.20125
140.95299
142.70175
142.18433
141.08508
141.001
139.79942
141.39874
141.1009
142.77116
141.45132
142.16583
141.59984
142.76709
142.22066
141.43459
142.35193
141.98091
139.90059
141.23734
141.88966
141.93716
142.55225
141.23392
140.55167
142.26825
141.81725
142.43285
141.80383
140.98558
142.56682
142.97424
141.75157
143.30273
141.1515
141.43066
141.58517
141.88474
141.633
141.76408
140.9475
141.03325
141.41925
142.38684
140.63191
141.08167
143.66917
141.75276
140.90216
140.90192
142.0814
142.10242
142.087
141.55315
140.864
140.73567
140.80034
140.55333
140.50174
141.75058
142.73608
142.13307
142.23442
140.88266
142.403
140.76334
142.15175
141.52983
140.99016
142.54724
142.03734
140.47075
140.28174
141.71991
142.7331
141.23282
141.30042
143.42084
140.36525
142.7005
141.397
141.36833
142.38535
141.0514
142.61682
142.36917
142.01859
141.91591
141.93408
141.53133
140.3845
140.09984
142.63583
142.05125
141.35066
141.11732
143.1881
141.27159
140.40283
141.70459
141.35474
141.55449
141.06416
141.45067
144.20299
142.21826
141.26775
143.36974
140.88634
141.5514
141.03424
141.31898
141.71875
142.18358
141.11716
141.35223
143.10258
141.60225
141.48618
142.85143
141.03284
142.24933
142.83475
140.3841
141.71559
141.84958
141.75217
141.81583
142.75417
141.86674
141.33733
141.32266
141.03583
141.54742
141.78226
142.53549
141.78734
141.88841
142.06659
142.93625
141.03383
141.18341
141.40266
141.11974
141.83417
141.1025
142.72034
140.86316
144.1595
143.11891
141.9205
141.34857
141.31825
140.4165
141.77017
141.78767
140.6539
141.38641
142.43417
141.11949
142.27357
142.26993
142.0875
142.55191
141.634
141.80424
142.73209
142.95033
141.80008
142.19966
141.24776
142.16942
143.6705
142.654
141.95058
141.75024
141.968
141.45175
141.88374
140.81175
141.15009
141.83458
142.49057
141.51608
142.22049
140.90225
142.04958
141.47217
141.41708
142.86983
143.41583
140.91376
141.22058
141.45024
141.31792
141.33383
141.25075
141.65358
143.40182
140.97166
140.93025
142.9875
142.63292
141.09868
141.28508
141.73584
139.7995
143.07115
141.40317
142.23776
141.53416
141.50409
142.15225
142.43642
140.88326
143.36667
141.15358
141.301
142.21693
142.00217
141.83058
140.68025
141.53534
142.18483
141.51825
142.86775
141.78624
141.302
142.10382
141.20117
141.85333
141.98492
140.64949
142.06691
141.35191
140.05116
141.40115
141.20474
141.737
140.83516
141.18408
142.7215
142.2825
141.1166
141.86917
141.72
140.933
140.53508
142.48566
142.06807
142.6666
142.56792
142.27034
142.46742
141.30142
144.12057
141.68507
142.10175
141.567
142.78767
142.3224
142.00159
141.76958
141.60625
141.20334
143.03716
142.85107
142.53432
142.11607
142.8065
143.16818
141.82008
142.71976
142.13466
142.01932
141.11626
141.6355
142.15009
140.28383
142.67067
142.77393
142.41882
143.23233
142.50674
142.83607
142.2185
142.153
141.11674
143.10641
140.11824
140.80159
142.08875
141.36641
141.352
143.45493
141.68799
143.7075
142.30118
141.78557
142.53825
140.71782
142.2715
142.23567
142.03358
142.76933
142.70299
143.20375
142.66766
141.98584
142.00316
140.56984
142.00484
142.78416
143.43683
141.06859
142.788
141.56683
142.68858
141.97026
142.18309
142.53775
141.18834
140.83066
144.00099
142.05083
142.51976
142.22133
139.64723
141.81808
140.3815
143.4039
142.94983
142.24959
143.01982
141.954
144.31866
142.73567
142.78516
141.62024
143.1689
142.267
141.10158
141.55408
142.90541
142.20241
140.78183
141.30049
141.9039
141.03
142.61925
141.73666
140.95416
142.20375
140.7375
143.82068
142.52042
142.41959
142.21716
141.37042
140.40175
141.58925
142.38942
140.71666
141.96867
142.11775
141.39732
142.01901
142.4539
143.069
141.65318
142.19975
142.43375
143.30473
142.53818
141.11742
143.56857
141.0845
141.81866
141.52383
142.00117
142.1705
142.58716
141.9505
141.45424
142.70726
142.91867
142.57016
142.2884
143.00475
141.80392
141.30316
142.62183
143.46617
142.23901
141.4175
141.96658
141.6205
142.70117
143.572
142.55492
142.07076
141.21507
142.43683
142.57242
143.38808
142.34926
141.68724
143.48459
144.28691
142.25534
141.97017
143.53508
142.7365
142.68825
143.33417
142.90201
141.42024
143.68459
141.57083
142.73317
143.13933
143.20433
140.76534
141.97484
142.97226
141.75157
141.75465
142.23291
141.40367
142.70258
141.685
142.01566
143.40515
140.90541
142.3035
143.2201
141.7489
142.55225
142.30292
143.10417
142.45326
141.20392
142.70117
143.33817
139.20076
141.60307
141.44041
143.06859
141.55492
140.91966
142.67041
143.18774
143.16884
141.954
142.33849
141.33359
141.63516
143.44917
141.55075
142.91974
142.65266
142.8175
142.25117
142.25465
142.56859
142.28741
141.56992
141.61742
141.78741
142.169
143.50458
141.60425
142.00299
144.05742
141.72008
142.58525
143.50667
142.4511
141.81691
142.34024
142.10199
141.3885
140.80133
142.43257
142.32108
143.13684
142.80424
142.85277
142.95708
142.454
143.81973
140.98366
142.96883
143.3225
140.51883
142.78566
142.82234
141.88951
142.72159
141.58926
141.21933
141.67233
141.93349
142.68993
142.55232
143.45467
142.08691
142.53857
143.17033
142.2235
141.17216
142.14
142.01791
141.37067
143.16792
143.81973
140.8025
140.06982
142.83434
142.686
142.15083
141.05284
142.01984
142.6225
141.15343
141.43408
143.78474
142.48401
142.93782
143.45532
142.7669
142.26773
142.68666
142.0364
141.96875
140.95033
140.28426
141.09825
143.35425
142.8855
142.27283
141.68257
142.30034
141.68591
143.50067
141.20659
143.20209
141.87099
143.15341
141.28716
142.76932
142.42201
141.55318
142.77042
142.7689
142.07076
141.41934
142.35483
143.10008
143.0039
142.173
141.32108
143.14125
141.56708
141.26833
142.03667
141.93735
140.66783
141.80182
142.2519
142.99275
142.0855
142.97066
141.65266
142.34058
140.88625
143.86917
140.96925
142.48734
143.02159
142.539
143.35216
142.25267
143.0036
143.70467
142.45033
142.45317
142.78334
143.65558
141.78441
142.78734
142.31467
142.76859
145.04016
142.52066
141.60059
141.67235
141.78542
143.32358
142.38724
143.95166
143.47049
142.484
142.733
143.56982
141.70758
142.75508
142.475
141.75317
142.64874
142.55568
141.04875
144.47075
142.5505
141.57016
141.6064
141.57292
141.78557
142.75299
143.1505
141.20651
142.10817
143.50516
143.02008
142.08716
141.75217
142.23909
141.96976
142.28625
142.942
142.00566
142.65184
143.90576
141.72108
142.35507
142.54016
142.37117
141.75682
141.94942
143.27116
142.43967
143.22375
142.45508
143.84091
141.92166
141.63475
140.83792
143.43924
141.2845
141.1225
142.75684
142.5039
142.74983
143.36975
143.05133
142.08641
143.60707
144.30708
141.15265
142.35559
142.1575
142.73575
141.56743
141.07257
141.43782
141.78932
141.66849
141.15625
142.7085
143.93842
143.44167
142.46974
142.77158
142.3019
142.20415
141.85425
142.6875
142.07257
142.11966
141.62201
142.52458
143.03816
141.88583
141.4365
142.03508
143.65524
141.12158
141.26924
140.98491
142.7195
141.98958
142.83525
141.66849
143.3215
142.15492
142.035
143.8736
143.68932
142.51942
141.7175
142.85367
141.28575
142.23608
144.27374
142.87125
141.80466
143.47092
143.63884
142.98666
142.09033
142.08508
142.22174
142.82083
143.52242
142.63841
144.53949
142.68799
143.85559
143.43834
142.6535
142.76868
141.65208
142.98633
142.039
143.13824
140.23358
142.73965
142.2865
142.27333
141.95592
142.15567
142.88492
143.02393
144.12042
144.02191
143.00493
142.07382
142.37534
142.64
141.68834
143.08934
143.22417
142.46985
141.8041
142.8886
143.08934
141.769
142.32042
143.35326
142.23984
143.0869
142.50409
142.60208
141.4036
143.22359
141.42308
143.02034
142.68709
141.87083
142.83699
141.51875
143.038
143.6545
142.45583
140.73566
141.99107
142.73592
142.01866
143.28767
143.30492
142.15208
141.1864
142.92233
143.03784
142.9145
142.508
142.22041
143.47075
143.62283
142.00458
142.48558
142.252
143.07133
141.02159
142.269
142.23767
142.63774
140.63559
142.15591
142.32083
143.37267
144.12007
143.25484
142.30333
142.70557
140.63783
141.8075
140.71567
141.64992
142.2725
143.44092
141.22116
143.24033
141.32141
141.04108
142.57016
142.20558
142.63849
142.80792
142.57057
142.46974
143.28716
143.22166
142.51993
142.20299
142.73949
142.886
140.63693
144.13908
141.6555
142.3695
144.39049
141.82301
142.43784
143.22025
142.4375
143.50375
143.00092
142.93924
144.13843
143.38591
142.83882
143.58633
142.10284
143.45601
141.8855
143.04341
143.55757
141.96901
142.92484
142.33809
142.03925
142.75742
143.15382
141.6855
142.50716
144.105
141.67133
142.33983
142.875
141.45383
144.058
143.22017
141.62375
142.68817
142.47075
143.58725
143.90341
141.11983
142.20534
143.41925
142.20091
142.5694
144.191
142.95459
142.79224
141.20259
142.81775
143.57175
142.02284
143.32193
141.05316
143.45284
143.4889
143.42458
141.75826
142.82283
142.47284
142.15233
143.02466
142.63757
141.70242
142.40485
144.02318
141.92099
142.70541
144.42351
142.07625
142.10275
141.02333
142.32191
143.06992
141.97075
142.88976
142.3065
142.705
144.35901
142.78775
142.76825
141.76941
143.573
141.6861
141.40117
142.07143
141.89375
143.00192
142.603
142.28725
141.98618
141.49934
142.0736
141.37274
143.69049
142.62149
140.40265
142.601
142.54008
141.48868
142.62416
143.04333
143.7705
142.23607
141.90076
141.23459
142.13483
143.75807
142.87508
142.95943
142.88783
144.10576
141.75609
142.92091
142.78876
143.08641
142.75493
143.05193
142.65451
142.72508
142.95493
142.3066
142.01833
142.97183
141.806
142.971
142.47266
142.98708
142.38809
142.40416
143.10349
142.6214
142.42091
142.1195
143.95383
142.42368
143.00533
143.15533
142.97359
142.01901
142.75465
143.60333
142.64008
143.42467
142.73633
143.64116
141.83759
143.15758
141.68774
141.88959
143.58699
143.16917
143.22466
141.63525
141.63991
142.78966
142.85516
142.5695
143.27324
143.33525
142.51917
143.07143
143.22066
140.987
143.70575
141.88708
142.58617
142.75308
142.22101
142.62216
143.5055
142.60649
143.7894
142.0036
142.42342
141.02216
142.54225
143.39
143.02133
144.67308
143.47417
143.53876
142.35359
144.30742
142.33942
141.47307
143.25708
142.60593
140.93759
143.2044
141.637
143.0205
142.58925
142.2389
142.21942
143.08475
143.03958
143.5225
143.82408
142.63686
142.20625
142.37141
141.58841
141.30284
143.38742
142.6689
142.74042
143.22466
143.13667
143.2765
143.92358
141.67174
143.98674
144.33942
142.58833
143.35367
142.25359
143.60507
142.33675
143.00407
143.38834
142.24057
143.36967
141.48717
143.37784
143.17299
142.27174
142.47075
141.52167
143.22183
141.91951
144.67564
143.15657
141.25359
143.037
142.2044
143.24
141.83624
142.80542
143.873
142.94008
144.05275
142.58882
143.289
143.19193
142.55598
142.85516
142.5209
142.53549
143.15443
143.025
143.70667
142.72241
142.46791
143.40608
144.67308
141.20175
144.08684
144.32675
141.93683
143.18726
143.71533
142.80133
143.23816
143.85492
142.67334
143.80542
142.77057
142.48734
142.37291
141.93683
142.8184
144.4205
142.97525
143.35542
142.83875
143.12508
142.23541
144.80716
143.6565
142.92325
143.40765
142.13716
143.37549
143.37584
141.87242
143.24042
142.5574
143.28775
142.78517
143.35649
142.67183
141.3365
142.40451
143.98734
142.30576
142.60591
143.73674
142.85583
142.95409
142.28508
143.58849
142.90466
143.17201
142.73975
143.15591
143.84225
142.77374
142.45618
142.00475
141.87283
143.95166
142.6515
143.62233
143.27042
142.58466
142.3561
142.19925
143.60365
143.92284
143.00708
144.37541
143.80591
141.45592
144.58807
141.52034
142.78792
143.00394
142.73724
141.47243
141.98883
142.70625
143.02316
144.05667
142.17133
142.47226
140.97075
142.02042
143.104
142.11824
143.63951
144.40125
142.87425
142.62065
142.75742
143.17667
142.305
142.87158
143.85849
142.57433
142.97198
142.98682
143.98958
143.40375
142.97208
144.22667
142.85583
142.80516
143.55775
142.45717
143.48924
142.20734
143.05733
143.57109
144.12459
143.08633
143.78659
142.37993
142.60632
142.657
142.92157
143.03891
143.285
144.073
143.60307
143.275
142.00375
141.61958
143.28583
142.69118
142.33867
143.17525
142.35733
143.05634
143.50644
143.34308
142.93568
142.23949
142.92416
142.35576
142.67151
143.3691
143.22368
142.28932
143.39282
142.34132
142.99066
142.03683
143.15875
143.77167
142.83826
143.42458
143.88567
143.82349
143.35649
142.4411
143.37167
142.45708
143.51717
143.25475
142.97366
144.09108
143.92201
143.18842
142.62117
142.9595
143.62584
142.70409
142.5594
142.89134
143.47359
142.371
142.70491
142.38899
143.84308
142.6015
143.12274
143.75333
143.45226
145.06024
143.724
144.12508
143.01917
143.873
142.505
144.10616
144.311
142.63983
143.79034
142.08833
143.5911
143.00732
142.28984
142.60591
142.18875
143.17
143.32208
143.15558
143.2555
142.43916
143.35783
143.15459
141.67291
141.60574
142.63542
141.60408
140.7915
143.10716
143.99008
143.3435
143.37341
142.24985
143.24059
143.64284
142.00684
142.62875
143.057
143.052
142.2735
143.26974
143.13834
143.4725
144.15683
142.1539
142.48975
143.1225
142.92026
143.60574
142.55708
141.5405
143.2741
143.5055
142.97125
143.63992
143.25682
143.16899
142.47217
142.77632
144.189
142.02258
143.50508
142.62074
143.75583
144.50874
144.47151
142.388
143.60391
142.94109
144.2415
142.73659
144.02118
143.10649
143.0399
143.2875
142.68817
143.42291
142.8424
144.06734
143.90567
142.87334
143.55634
143.37442
143.95526
143.37599
143.17265
142.60356
140.92316
142.55716
143.02483
141.07632
143.15932
143.83725
143.13507
142.572
143.09015
143.36
142.1525
141.97284
143.60701
141.50224
143.23584
143.10774
141.80617
142.99107
143.61
142.75482
142.82466
141.38576
143.52325
142.28574
142.95467
143.18617
143.12341
142.97243
143.6265
141.9564
143.8581
144.44466
143.59015
143.75308
143.27142
144.40742
142.5755
143.55466
143.54216
143.52417
143.74268
142.42209
143.8735
144.25766
143.28925
144.10765
143.37242
143.77557
143.82317
143.20525
142.60558
144.391
144.47292
142.81934
141.838
143.5886
142.75642
143.9065
143.57434
143.78716
142.80598
144.40625
143.47243
142.19191
143.30434
144.00708
142.857
142.86917
142.70517
142.40683
143.92609
143.99591
142.28867
142.79016
143.6745
143.07492
143.638
142.90666
143.68933
142.42282
143.47482
143.67041
143.9024
143.35591
142.90584
144.076
143.57199
142.70816
143.12383
142.15425
143.15733
143.20633
141.75424
142.37
142.90816
142.2559
142.68916
142.59076
143.85191
142.73508
143.43875
143.25449
142.81041
142.09059
143.49141
143.30882
144.02425
141.4185
142.16974
142.57233
142.68808
145.023
143.10867
142.9595
141.87674
143.22125
143.77492
142.49142
143.6374
142.07175
143.90515
142.78816
143.00616
143.24126
143.20549
142.95883
143.47491
144.22598
144.34276
143.08517
142.42516
143.59082
142.28725
143.07358
142.62575
142.75325
143.37326
143.57382
143.25616
143.358
142.50534
143.27284
142.52075
142.80925
143.29068
142.45734
141.70308
142.406
143.39058
142.15741
143.42474
144.89308
142.67201
143.52176
145.01042
142.87083
141.78932
143.19125
143.45908
144.10516
144.99059
143.20717
143.85258
143.82216
143.443
143.724
143.80525
143.67424
142.26875
142.16016
143.35658
143.27425
143.65576
143.77167
143.43866
142.85649
143.03775
143.9386
142.94273
143.33917
143.4584
145.00575
142.40666
143.72375
141.60667
141.85492
143.17117
142.34076
144.22643
143.52126
143.20375
143.15599
142.62175
142.85825
142.55717
143.45784
143.36049
142.07076
142.5225
143.12599
143.25758
144.5084
143.83932
143.338
143.87958
144.05899
142.79292
144.09132
144.7789
141.73924
144.17458
142.50534
143.18976
143.6745
142.40875
141.85034
143.12392
142.97017
142.89015
142.40292
141.68701
143.10641
