44.9695
44.628086
45.153336
45.937336
46.68317
47.963
47.77217
47.128754
48.15317
49.388336
48.18067
50.07667
49.250008
50.470337
50.4015
51.624752
50.29225
50.506752
52.712917
51.435253
50.59542
51.50575
48.772083
50.431835
52.31992
50.84458
52.479336
52.739834
52.771168
51.02975
52.023838
51.538418
51.916836
51.645416
51.077168
52.211338
52.62033
53.04917
53.004005
52.915424
51.84092
51.057007
52.757336
54.182
52.05542
52.661087
51.905
52.841835
51.808002
52.047752
51.35725
51.7
52.30625
52.174084
53.62242
52.555336
51.894085
53.27717
51.856003
52.990086
52.60542
51.99267
52.266083
54.20267
52.317337
51.796665
51.983418
52.55367
53.133
50.86709
52.25417
53.02467
52.15817
51.825417
52.755753
52.25842
51.232006
52.18334
52.889584
51.59984
52.8525
52.680588
52.97017
53.031586
51.082085
52.4165
53.034668
51.172417
51.823254
52.06992
52.54992
52.361504
52.211502
52.550003
53.333332
54.292004
52.92617
51.740417
52.466667
53.554337
51.90625
53.231586
53.240334
53.401836
53.4345
54.519417
52.46642
53.265503
52.850418
52.496838
53.783665
53.36742
54.632584
54.060253
52.5945
53.22875
53.15042
53.983
53.36267
53.331
53.40017
52.99375
53.561752
54.085667
54.13425
52.146584
54.514
53.52925
52.8385
53.644833
53.797585
53.948418
55.31692
54.98867
52.73442
53.218002
53.142166
53.485584
53.14834
53.284336
52.4635
54.458252
55.049088
53.128002
54.313335
53.634083
53.80034
53.924835
54.531837
53.651333
53.499336
55.03509
53.933086
52.22784
54.410084
52.862583
54.263084
53.49575
53.694836
53.37092
52.745335
53.197083
53.21725
53.898586
53.830997
54.982006
53.301086
53.419502
51.47142
54.59692
52.713085
53.415
54.016502
54.102085
52.17967
53.610584
54.272835
53.866585
54.48267
51.174667
53.68409
53.146168
53.777668
52.863834
54.98409
54.112003
53.178673
53.550335
55.019337
53.133247
52.312
53.91675
53.721336
51.9875
54.00325
54.315754
53.477
54.300255
54.48492
53.044586
55.2025
52.989002
53.894753
54.354584
54.432167
53.765667
53.78817
53.498085
53.151505
53.72
53.120255
53.04517
54.13225
53.640003
54.414917
52.42775
53.3975
53.49692
53.845253
53.449417
54.557583
53.767838
54.18467
52.94775
54.683918
53.48075
54.86392
54.262753
54.09609
53.097336
53.927334
52.567417
54.114418
55.70225
52.675
55.235916
54.902084
52.67867
54.3495
53.257504
53.42692
52.097668
54.800423
54.357418
53.78134
54.779583
53.850338
52.775085
52.774086
53.995
53.730415
54.467587
53.74667
54.64359
53.677837
54.81484
52.39517
51.69742
55.198673
54.584503
54.64734
54.901
54.477005
52.872417
53.729336
53.369335
53.521004
52.984837
55.59833
54.24342
53.39542
54.43067
54.345917
52.86317
53.91175
54.54525
54.183586
54.01517
54.567753
52.299004
53.893333
53.514587
53.724586
54.12925
54.624504
54.733833
55.10125
53.030666
53.495586
54.563087
52.63717
52.679005
53.413834
53.566917
53.284252
53.678417
52.946667
52.744083
55.159668
55.002254
53.812252
53.059338
53.482502
55.609005
53.175083
54.96617
54.064663
53.725334
54.818504
54.475006
54.353172
54.692753
55.036922
54.582253
53.137005
54.930748
54.086082
54.382584
54.216003
53.394497
53.67317
54.669167
54.384502
54.63717
54.489334
53.617085
53.881584
54.035587
53.180588
53.18242
55.15317
54.564754
53.61467
52.833252
55.014168
52.73317
54.095917
53.48
53.53592
54.952084
55.167423
53.745754
53.777084
53.664837
53.236588
53.750168
53.50417
55.562176
55.067585
53.765255
54.16525
55.425
54.684753
53.951504
54.108253
54.596912
54.414417
55.26325
54.35967
56.581
53.50467
53.865833
54.905834
54.336746
53.240585
53.16217
55.73259
54.057503
54.21625
54.545834
54.04325
53.23242
54.68292
54.073997
55.459087
53.24017
54.368504
54.412586
54.115166
54.196335
54.3315
54.303833
53.95392
53.281086
53.582836
54.167004
54.128666
54.282085
55.01942
55.82409
55.33992
54.315422
54.63109
53.930252
54.756004
54.58075
55.25375
54.71675
54.464832
53.90042
56.50125
54.3805
54.570835
54.703003
54.48
54.534252
55.64358
55.602253
55.165585
53.047005
54.93517
53.529167
55.32608
55.02409
55.855007
54.56425
54.197754
54.918087
55.261166
55.266335
55.878918
53.84142
53.68125
53.663418
56.094414
55.499752
53.41692
55.015663
56.158165
55.443836
55.487175
55.124752
54.917915
55.401333
54.268417
54.237335
55.101
55.388165
55.491913
54.487755
55.728
54.855167
55.56983
54.62992
54.485332
54.130253
54.985085
54.335
56.170666
54.553165
54.382668
54.588257
53.28275
54.91083
54.954334
54.56975
54.468082
56.871166
56.30467
53.818584
55.250416
54.430252
53.3675
56.094414
54.63225
54.110252
55.805416
55.918087
54.931915
55.894753
55.400913
56.321335
56.316505
54.915672
56.363163
55.141922
56.056004
55.35801
54.580917
55.50425
56.13367
55.003086
55.896496
56.11375
54.58517
55.52784
56.273586
54.49708
56.373085
55.783504
54.201504
56.635254
53.756752
55.567253
55.539837
55.038918
55.880833
55.820923
53.94075
54.72192
56.191914
55.10659
55.43292
54.702335
56.489166
56.25
56.325912
56.328503
55.70367
55.836914
56.69967
55.906334
54.64467
55.50725
57.59125
55.229504
55.135
58.007004
56.059414
54.30459
56.80517
56.372253
54.92517
56.761086
56.11784
55.5365
55.97108
55.964584
54.384167
55.403088
55.944923
56.30909
57.572254
56.490417
56.478672
56.0775
56.708008
55.974506
55.607746
56.0385
56.039005
57.42051
56.11375
55.5625
56.27034
56.017338
57.13625
55.386505
57.39734
57.525
56.391758
57.696087
57.969753
56.249836
57.829334
57.461914
57.713165
56.644836
58.168587
57.825832
56.607338
56.510925
56.79342
56.29642
57.38975
58.18833
57.64467
57.779507
57.210663
57.1105
57.28908
56.87392
58.086582
58.154335
56.7725
57.93784
59.198833
57.767918
57.529335
56.71725
58.26625
57.947166
58.19208
57.435665
58.66609
58.203335
59.37767
58.367252
57.899166
59.408997
58.544415
57.51475
58.070663
57.401913
58.597668
59.63158
57.871506
58.315254
59.7705
59.30517
57.825417
58.070248
56.3475
59.16725
59.27284
57.726418
59.070587
59.360085
59.43625
58.591087
59.67209
60.607754
60.141342
59.559753
59.846752
60.12233
60.820747
58.929337
59.867252
60.020496
60.634167
58.578335
59.228165
59.35158
59.009922
59.65375
59.170586
59.35759
60.86483
60.24108
60.588085
60.5375
59.1595
59.386757
61.50875
60.680832
61.117336
59.572006
60.565834
61.47875
61.132915
61.29625
60.645084
61.076164
61.976498
60.900585
63.020252
59.710926
61.043503
60.318256
62.56508
60.96
62.31567
63.10408
61.918335
61.87358
62.123333
63.94175
62.387253
62.34175
61.497253
61.87617
62.38084
62.116333
62.55842
62.58858
62.73175
63.766003
64.493996
63.089916
63.205494
64.10625
64.959496
64.91784
63.798996
64.53592
64.993835
63.430164
63.698666
65.793
64.904915
64.918495
64.65267
64.229164
65.305
65.207085
65.271835
66.877914
66.11125
64.74184
65.376
67.1715
66.22175
65.5445
66.37425
65.26983
66.883
66.750084
66.64675
66.14817
67.61317
68.37067
68.19142
65.59925
69.13941
68.251
66.63375
68.236664
66.98417
69.52517
69.39066
70.03233
70.00358
67.789665
70.19192
68.81125
68.55276
69.894585
70.87842
70.095
69.40317
70.25542
69.84075
70.12701
71.02775
70.662254
70.62342
70.47609
70.685585
70.85792
71.62617
70.49
70.96983
72.6845
73.41784
74.638504
71.78433
72.91659
73.84025
71.986336
73.21983
74.18133
74.81333
74.89633
75.89767
75.34483
72.923004
76.02242
76.48799
76.13783
76.05276
75.792244
76.316414
76.67058
77.5
76.76216
77.708
79.51225
77.17549
76.961006
78.0
76.40075
78.147575
78.74692
79.17425
78.67525
79.931496
77.687584
79.71892
78.61125
79.82858
80.46717
79.844505
79.0245
81.43125
81.37133
80.48109
81.55049
82.766495
81.25433
82.97325
81.32733
81.96333
82.91725
82.12716
81.870415
83.08867
81.392
82.15942
84.345
83.86667
83.30175
84.213
85.619255
84.97017
84.9385
84.6675
86.13508
86.18683
85.0485
85.85933
84.75891
87.67333
86.81233
87.80909
88.26117
86.02917
88.43083
88.84875
88.491325
87.861664
86.81308
88.90258
89.53233
89.201836
87.11366
89.59817
89.485
87.83175
88.242256
90.73933
89.66875
90.635086
92.13084
92.67225
91.97083
89.813995
92.22475
90.92508
91.74125
90.50691
93.421585
92.159584
93.06
92.52658
92.92834
93.73841
94.83133
94.23116
94.232666
95.41699
94.929756
94.52267
93.968254
94.86525
95.75258
95.8715
95.505
96.36608
97.10267
94.68809
96.55942
96.608826
98.83966
96.76758
98.64525
96.421585
98.44408
99.66292
99.21491
98.576
97.55541
96.87341
97.562744
98.563416
100.34634
99.87933
99.53125
100.93475
100.46392
100.951584
99.392586
99.16292
101.069084
99.562744
102.03574
101.23657
101.2855
102.054665
102.50233
101.86675
102.918495
102.32275
103.05283
102.40633
103.87341
102.889336
102.833916
102.50833
101.54225
104.204666
103.40791
104.74525
103.94675
103.09658
104.415
105.29317
103.144165
105.72708
106.17991
106.03083
104.12841
104.74167
106.60017
104.91434
106.90367
105.41725
106.916084
109.895836
103.726494
106.3605
106.31267
106.37858
108.07075
107.98391
107.23441
108.554085
106.812836
108.82
108.65425
108.61892
109.42075
107.44299
107.10242
108.97216
109.15858
109.00667
110.107086
110.95576
110.27375
111.109245
111.10941
110.06316
110.80883
111.18059
110.5575
108.89392
112.11417
111.711174
112.02841
112.09541
111.42917
111.99983
111.90034
112.626915
113.90008
112.06191
113.21691
113.41576
112.36949
113.18667
112.75083
114.75409
113.75708
113.90183
114.52025
113.688255
114.872
113.40216
114.02233
114.70792
114.99318
115.77867
114.57742
114.5845
115.51974
115.450836
113.585915
116.05675
115.40566
117.25742
114.67068
116.92375
117.01133
118.31409
115.59008
116.079926
117.37557
117.82917
117.345245
117.41443
117.713
116.982574
117.674324
119.82651
119.080666
118.23017
118.84841
120.13559
119.08299
120.01824
119.41241
120.91515
119.44949
117.42792
119.39591
119.730576
120.67033
121.08566
121.63625
119.483505
121.402824
120.66875
120.23307
120.63292
121.59209
122.152916
122.15383
121.655
121.337006
122.79708
122.510414
120.51034
123.01026
122.224335
121.089424
122.27659
123.78474
120.84125
121.69199
122.87875
123.22691
123.54275
122.14433
123.52659
122.23742
123.309326
122.91367
123.97958
123.199585
123.69741
123.89599
122.97984
124.52775
123.20924
125.26426
124.544
124.91642
124.73266
123.71392
123.03284
124.08108
125.53125
124.159164
124.16858
124.93299
124.180336
125.60409
125.35017
125.34759
125.69625
123.98191
126.50133
125.21958
125.96784
128.25682
126.3225
127.242004
125.43708
125.9225
126.504585
127.15784
127.17292
127.85142
126.68776
127.69201
126.453674
127.99075
127.61991
129.14342
126.19192
127.671326
128.72243
128.68924
127.70799
126.53801
126.742004
128.30458
127.56117
127.608826
128.92558
129.17508
129.54858
128.64458
129.44017
128.45808
125.339165
129.528
130.46317
129.49191
128.12575
127.90583
130.24242
129.51141
132.15067
128.09892
129.62909
129.01375
130.33144
129.75142
129.462
129.0801
130.17973
130.19742
130.14641
129.66357
129.845
128.84566
128.2291
129.34734
128.80159
131.12993
129.49258
130.32849
130.69376
130.57883
131.631
130.51317
129.99818
129.53015
130.54666
134.27008
131.198
131.18417
129.16559
131.88525
131.04608
131.78534
132.01967
130.4995
130.84775
130.67982
132.38167
131.51657
131.82309
131.93507
132.26659
133.46817
132.71576
131.59708
132.50699
131.50284
131.3675
130.98566
131.26892
132.84
132.77193
130.88608
132.94208
131.85068
133.26625
132.6355
131.7011
132.69292
132.18842
130.70216
133.00975
133.18875
132.8235
131.43817
132.30174
133.03674
133.072
134.09325
131.88683
133.70784
134.02492
132.19008
131.85576
133.84166
132.9394
134.09042
132.73592
133.8235
134.47716
132.43774
132.10225
133.57558
132.47066
133.15341
132.88916
133.40408
133.90942
134.32275
133.09224
133.523
135.89626
134.56032
133.32375
135.77792
134.04059
133.02492
133.5105
134.90875
133.7599
133.87625
134.32458
134.74475
134.6934
133.43817
134.74292
134.71992
133.806
133.829
133.77916
135.31366
134.11224
134.43959
135.14458
134.32425
134.24191
135.17917
134.51083
135.14557
134.4955
136.14575
134.7125
135.50917
134.52817
133.82991
135.30025
134.39342
136.93185
135.46124
134.6455
134.91234
136.66817
134.6315
136.67867
136.32993
137.2825
134.04233
136.48024
135.148
133.65834
134.66393
135.97841
136.25015
136.14583
135.17924
134.32617
135.14084
135.74583
135.69766
134.67076
134.43866
134.29774
135.02774
136.04984
135.71701
136.64633
136.66542
135.51117
136.64934
135.682
134.56491
135.94466
135.36742
135.698
136.29541
136.29343
135.78041
135.98149
137.61768
136.29941
136.46568
134.58258
135.79617
136.29941
136.05234
137.40059
135.3645
136.31558
135.63374
137.34966
137.29791
135.84651
136.31549
135.41208
135.16682
137.09708
136.56618
137.17183
138.2211
135.81209
137.0495
135.35133
135.96425
137.06476
137.90025
135.64784
138.25359
137.81825
136.80109
137.18474
137.7664
137.70325
136.16742
137.43242
136.51666
137.36833
136.56876
139.334
136.54784
135.5305
137.08617
135.88632
137.93558
135.79875
137.78067
138.06683
137.10175
137.73158
137.53424
137.76958
137.78818
137.96716
137.06557
135.61691
135.4505
135.83034
136.93417
137.04901
138.7375
137.85191
138.35066
137.4011
136.60081
138.2859
138.35349
138.40633
137.90184
137.15192
136.96709
137.66225
138.0859
137.76816
137.73633
138.11652
137.75166
136.10425
137.84825
138.20291
138.54932
137.46675
138.41783
138.2245
136.79993
139.32275
137.63834
137.85617
137.42258
137.236
137.7065
137.37367
137.40451
137.80307
139.7725
136.87042
137.93651
137.83882
138.3736
137.43683
137.83992
137.58482
137.97174
137.83917
139.15433
137.67574
137.28934
138.05101
137.12283
137.53741
137.41576
139.80833
138.45659
139.72235
137.97002
137.62267
137.255
139.627
136.85641
136.72075
138.9206
139.15941
137.71959
137.35333
138.25691
137.62007
138.90434
138.0866
138.37349
138.16985
138.33882
138.7545
138.63507
137.8041
138.48924
139.9564
137.35492
137.60675
137.87459
138.57352
138.00534
139.65132
137.44125
139.5235
138.05391
138.10374
138.38966
139.80708
139.44258
139.7891
139.47066
139.17416
137.326
138.72118
138.1715
138.78825
138.83693
140.47658
138.70618
138.593
139.41049
138.75665
139.157
138.23717
138.88866
137.48784
139.972
139.10808
141.12524
138.85808
138.02333
139.54034
139.07375
137.70541
139.55785
139.93584
138.52441
138.32341
137.66258
138.94025
139.55492
138.343
139.44441
139.211
139.8915
139.7915
139.24216
137.07349
139.14265
139.12067
138.63925
138.405
139.62476
138.2766
139.27383
138.38617
138.30841
138.44092
137.91208
138.40683
139.2595
140.07483
137.57451
138.995
139.39575
137.27191
138.74176
138.99277
140.00659
139.32225
139.43924
137.49307
138.6895
139.7915
139.17567
138.02309
138.30807
140.0736
137.53566
139.71341
139.35983
140.02333
139.62917
139.64133
140.35867
138.00917
138.60568
139.5261
139.3495
139.19225
139.54233
138.60976
138.89017
139.77208
140.04117
139.57565
139.10559
138.72652
140.22375
139.02242
139.07576
140.52425
140.81099
139.85649
139.62291
139.17934
140.63017
138.10849
140.1914
140.11217
139.21124
140.66167
139.64383
140.03958
139.92566
139.35757
140.09349
140.61284
139.55917
139.34091
141.24284
139.14041
139.07799
139.3095
140.31201
139.69391
138.79475
140.19142
139.77534
138.06017
139.32608
137.67317
138.96025
139.6425
138.35774
138.97658
139.17375
139.71075
138.5755
138.39226
138.478
139.52583
139.80766
140.69559
140.67557
139.90916
139.2141
140.31125
140.07758
140.79224
139.77473
139.31226
139.74492
139.40916
141.01276
139.64291
140.82782
138.396
140.39142
138.69
139.7085
139.15608
139.85951
139.57774
140.70909
140.52942
138.62425
139.46025
139.77959
139.57742
139.69392
138.9434
140.36125
140.26074
138.01067
139.0611
140.84515
139.8119
140.86526
141.16376
139.30865
139.85925
140.17491
139.82774
139.98941
140.04524
140.49725
140.65993
140.26059
140.565
140.70973
138.99133
140.01057
138.12924
140.81075
139.9925
137.9075
140.17857
140.41142
140.43375
140.09283
140.59642
140.09433
140.04391
140.14575
139.77776
140.0125
139.85849
140.15932
140.76149
139.26257
140.89641
139.47849
141.30008
140.4415
141.69766
141.39474
140.26317
141.21109
139.31033
141.44875
139.12949
140.64943
140.56367
140.92575
139.34383
140.72742
140.94518
140.5644
139.31209
140.37965
139.09084
139.91318
140.71483
139.56226
141.41516
141.1175
140.74709
140.06015
141.14857
140.19643
140.38374
140.91333
140.62791
140.29683
140.6439
141.02882
141.36308
140.72809
141.31349
140.5135
141.36234
139.17867
139.37633
140.59575
140.37567
139.76065
141.16118
140.44785
139.897
139.7825
140.08118
139.6565
140.2295
140.21356
138.998
139.99667
142.1305
140.3845
138.99576
140.8475
140.05899
141.98265
139.21434
140.93042
140.78299
140.54533
141.48334
141.16159
139.54666
141.19559
141.59859
141.38191
140.6795
140.93193
141.02934
142.04692
139.86032
140.39542
141.04283
138.67682
141.03566
140.76274
141.0811
141.697
140.59442
143.03067
141.42683
140.73042
140.94576
141.89775
139.72758
141.07826
139.02458
140.61858
141.68216
142.06308
141.31332
142.35141
139.69441
142.23558
140.87758
142.21451
140.91216
141.34883
140.78076
141.49982
141.53133
140.36508
140.21367
141.57892
141.51091
140.696
141.715
140.64409
141.0805
141.03233
139.59892
141.36784
140.24908
142.00034
139.94792
139.77667
140.12108
140.21524
140.444
141.23235
140.93217
140.86484
142.06708
140.815
140.732
141.41693
141.11491
142.09784
141.60258
140.37941
141.34459
142.33542
142.33133
141.91333
140.35066
140.64575
141.49742
140.67824
139.89476
141.46133
140.36359
140.21143
142.77992
140.56523
141.16393
139.66566
141.4514
141.04674
139.87975
141.48483
142.29875
141.33417
141.69716
141.93633
143.39992
142.04958
142.89891
140.21242
140.0455
141.36725
141.91525
141.79976
140.72992
143.20007
141.09442
143.33118
140.549
140.92833
142.34784
142.92174
140.94899
139.39966
140.79567
139.24716
140.34909
141.68158
140.56541
140.56583
142.118
140.96632
141.08183
142.56651
142.61682
141.26991
141.69824
141.5135
141.29716
140.84691
141.2025
142.58598
141.36807
141.67883
142.18141
141.78267
142.134
141.61258
140.32791
141.73283
140.88474
141.58174
141.74783
139.51308
141.33125
139.84375
140.56699
141.18057
143.21808
142.43242
142.78334
142.32133
143.91383
141.35083
142.335
141.05142
141.71599
141.76425
141.68134
142.56958
142.1524
140.08041
140.849
141.43309
141.89775
141.41917
141.24507
141.38133
141.98383
143.3785
141.88408
141.03166
142.31508
141.03224
140.98175
141.21223
142.37167
141.61417
139.7109
140.77
142.56708
141.78058
141.35025
142.06633
141.48192
140.56734
141.26526
142.38182
141.448
142.93492
141.41466
140.01735
141.79883
140.89742
142.0855
142.9015
141.28508
141.96924
140.71533
142.0795
142.51524
142.21584
140.79991
141.55034
142.14784
142.54575
141.98167
141.9284
141.15317
143.23216
142.10133
142.18307
141.69716
141.78508
142.38716
141.20508
141.16818
141.78574
141.46758
140.78424
142.883
141.50258
142.28485
141.054
141.55258
141.18541
142.93483
139.61432
142.95308
141.13516
140.49542
141.1675
141.86324
141.19858
141.88
141.6705
142.54984
142.06534
140.90102
142.9695
141.3655
142.14842
141.63008
142.19899
141.48726
141.66757
141.09917
142.36633
142.03394
141.4174
138.28741
142.75125
143.33582
139.63284
142.19775
141.55159
141.95291
141.86716
141.46815
141.55157
141.23433
141.23317
141.48708
141.38034
141.29817
141.73209
141.08441
141.78383
142.41858
140.65083
142.30357
144.5555
142.28741
141.14891
141.95015
142.48792
141.69
141.71783
142.716
141.38692
143.56992
141.47017
142.282
140.59958
142.19849
142.03342
141.25058
142.46709
142.28609
142.5685
142.38383
141.34932
142.5834
141.1849
141.19583
141.26434
141.72034
142.63126
140.99907
141.73192
142.40576
141.52275
141.81876
142.83643
141.63525
142.57158
141.44566
143.2859
141.36626
140.7515
141.95042
142.0865
142.46808
142.4175
141.8175
141.48149
142.10524
140.51758
140.96883
142.31541
142.08008
141.498
139.93231
141.58482
142.78523
141.46867
142.86934
141.9511
142.02057
142.17
142.53825
141.96841
142.90216
140.74933
142.48659
142.71924
142.3041
142.45299
142.70274
140.18124
142.73708
141.3805
141.06383
141.43541
141.66441
141.96817
142.06924
143.15466
142.16908
144.08424
142.051
142.5405
142.48459
142.41951
141.81715
142.42174
142.27016
141.07008
141.686
143.50417
141.73575
141.86841
142.067
142.5364
141.62108
142.05066
143.57083
143.13383
144.63951
141.54742
142.40425
142.77309
143.085
141.56816
142.13991
142.26909
141.77142
142.53777
141.68274
141.69942
143.28516
143.20508
142.93509
141.30383
141.23442
142.97008
141.91783
142.7175
141.64816
143.38475
142.10126
142.43375
142.28534
143.23442
140.98367
142.38225
142.63583
141.98524
141.56883
142.00491
141.01659
140.78174
141.93507
142.00133
142.73541
143.52016
142.60374
142.23743
142.42334
141.15132
141.51717
143.15451
144.00108
142.03117
142.055
141.08875
142.97316
140.91766
142.73459
144.46841
141.1515
142.61884
142.31992
143.51733
142.21593
139.947
142.891
141.65443
143.4885
141.50183
143.21933
142.23283
142.01892
142.403
141.93375
143.67091
141.76666
142.9016
142.0835
141.84901
141.71542
144.218
142.39626
143.27075
142.5834
142.92368
143.70476
142.3515
142.42117
143.369
142.55135
142.66933
142.68433
143.18307
142.01765
143.01825
142.90283
141.57098
142.26584
142.65523
144.79059
142.11942
142.8665
142.15274
144.03493
142.6205
141.99892
143.1715
143.23523
142.39975
141.70341
142.18742
141.5365
142.20265
143.23625
143.95016
142.2039
141.5859
142.25117
142.15
142.95508
142.51883
142.48758
143.12091
142.37132
142.52109
142.18617
143.1519
143.97142
141.82199
143.45326
142.4375
142.95592
143.68292
143.11758
142.48743
141.75209
143.05159
142.66841
142.25041
143.16933
142.80215
142.25299
141.81717
142.96959
142.72159
141.18292
142.75117
141.63625
141.66858
141.10425
141.46608
142.78966
142.82524
141.81725
142.17026
143.50659
142.81525
141.66667
142.78609
144.45683
142.25417
142.10117
143.52066
142.87425
143.95541
141.63466
142.80234
142.83691
142.62183
142.2675
142.47092
142.19075
142.90765
141.80566
143.07317
143.00368
143.15459
142.35275
143.25375
142.038
145.08817
142.58527
143.77182
142.08508
143.43924
143.47034
143.20459
141.65625
142.302
143.25266
142.65784
142.90375
143.15201
142.47191
142.288
143.33482
142.56883
143.57417
144.37209
142.24283
144.38849
142.71791
142.21841
142.0735
143.55634
143.07065
143.53784
143.2005
143.35583
141.71909
143.07016
142.54008
143.8275
142.55142
144.12175
143.00182
143.55484
142.05174
142.6205
142.13808
142.24834
143.05615
142.75467
143.20433
142.23682
143.70508
143.13658
143.13533
143.75325
142.81883
142.53616
142.03226
141.50116
143.00323
142.57292
142.10083
142.67375
143.8549
143.08908
143.23682
143.17258
142.67108
