45.888416
46.20709
46.690002
43.690502
44.965256
45.91525
44.769836
45.68192
46.168503
47.535755
46.456505
46.56975
46.145336
45.74767
49.167503
48.20742
48.510002
49.644253
49.71017
50.61742
50.1805
49.798
49.038334
51.228085
52.11825
51.86717
52.01892
51.050003
50.638588
51.90342
51.998333
51.796333
52.273834
52.46
51.455254
52.81242
51.904587
52.729668
51.383667
51.34467
52.18
51.32234
51.834084
51.63142
50.981922
51.161922
51.495
51.84609
51.28417
52.669083
51.34692
51.899002
50.964252
52.732002
51.198
52.333504
51.62534
52.171173
52.20392
51.411335
52.471836
52.357338
51.20425
53.31417
50.080833
51.52625
52.81625
52.13375
51.568836
51.864834
51.212254
51.555252
51.761585
50.892586
52.155003
50.880337
52.402584
53.00658
52.372337
51.48
53.619335
51.246418
50.684338
52.07342
53.621086
51.948917
52.53642
52.37042
52.69642
50.778503
51.533417
53.172585
52.266586
53.318504
53.124336
52.551918
52.56942
53.414337
52.22533
51.608334
51.84467
52.58017
52.49384
52.08892
53.436
51.496502
54.169838
53.784084
51.373837
54.36108
53.11225
54.22425
51.383
51.626835
52.615665
52.48567
53.46675
52.080833
53.04192
52.92717
52.40775
52.61567
53.090336
51.827503
52.740086
52.746166
52.37667
52.57925
53.814587
52.179836
54.33625
52.94125
52.643417
53.904
53.04667
54.516167
53.853
52.89867
54.189335
52.737423
52.711666
52.1605
52.453835
52.586002
53.437836
52.27992
52.53125
52.97625
52.939335
53.5525
52.79742
54.71909
52.73092
54.480503
54.63634
53.80675
54.833256
52.43925
53.83892
52.445168
53.879917
53.56067
53.46359
51.96367
52.665916
53.622837
52.697502
53.69442
54.67759
52.927
54.434
52.74917
52.804752
52.925083
53.34567
51.59575
53.162083
53.59892
54.25442
53.92942
54.137585
53.083332
53.74517
53.128338
52.915085
53.997417
53.24117
54.713257
52.61342
53.607754
51.819588
53.879337
53.015587
54.248085
52.14517
53.816086
53.666084
52.741837
53.56767
53.074833
54.173
52.7125
52.241173
54.391834
53.330086
51.54317
53.855503
53.42525
55.0175
53.42567
53.849335
53.312252
54.245667
53.596504
55.564915
53.794754
53.783
53.661503
53.58517
53.94375
52.345757
51.97784
54.23
53.711586
53.28675
52.761753
54.5965
53.814255
53.585503
54.955585
53.149334
54.061172
54.548336
53.51217
54.226254
54.264668
54.417004
53.765503
53.36017
53.713253
54.160423
54.68342
53.28117
54.452175
53.283333
53.452168
53.753582
53.175503
53.514088
54.170418
55.15975
54.28
52.912
53.521336
52.509422
54.49342
53.794167
55.867916
53.99767
51.44575
53.945835
53.253586
53.884003
52.378418
53.136417
52.96742
54.383335
54.068584
54.315254
55.404922
54.422
54.550835
53.961666
55.718582
53.081333
53.51392
53.196167
55.15367
52.358418
53.386086
55.281002
54.318
53.97092
55.01733
53.377834
53.649837
52.697334
53.379086
54.092003
53.727085
53.377087
53.509666
54.19817
54.268417
54.12
53.696335
53.701836
53.386753
53.280586
54.60175
53.442253
53.685833
54.163834
52.763332
53.98375
53.203003
54.548836
54.86925
53.887753
53.376835
54.53642
54.87092
52.83917
54.18267
54.41542
54.54558
54.335587
54.763332
54.800415
54.6965
53.94775
54.174084
55.301086
55.216087
55.1025
52.766254
53.563087
54.134335
53.62742
53.000416
53.681335
53.700832
54.447918
52.935417
54.416172
55.25284
54.548588
54.046333
55.46733
53.98642
55.782833
54.38484
53.922173
54.196087
55.537422
54.956837
55.46734
53.079666
54.344833
55.8475
55.62767
54.990757
54.426834
54.349422
55.18567
54.260838
55.815834
54.897747
52.57892
53.474915
53.11284
53.984337
54.48375
54.39625
55.6065
54.627586
55.854584
53.01942
52.86142
53.731667
54.56617
54.08209
53.447586
55.236588
53.607586
52.42575
54.822506
54.132423
52.945415
54.36642
55.43492
52.511585
54.427753
54.338917
54.62584
53.477417
54.029583
53.044415
54.530838
54.103252
54.58492
55.248333
53.616333
53.174503
54.196835
56.040085
54.84259
55.1855
54.586502
55.548084
52.627586
55.246998
54.102253
53.8815
54.228085
54.789917
54.05084
54.69275
54.764168
53.63625
53.26392
53.449585
54.330666
55.16925
54.29925
55.265835
53.402332
55.101665
54.848667
54.27009
54.675587
54.198254
55.797752
55.339836
54.20425
54.038418
52.88975
55.750755
53.96825
53.87583
54.585
55.244335
56.02017
55.05217
54.914173
54.431583
54.483006
56.10358
54.703247
53.683834
54.93858
53.584923
53.177338
55.85158
54.983673
54.830338
55.24017
53.90892
55.069004
54.70267
55.768997
55.234676
54.757748
55.2855
55.114002
56.308918
54.85425
55.984165
54.205334
56.412006
53.920998
54.382004
55.076004
55.699337
55.272915
56.604168
55.98392
54.568504
54.147415
54.217335
56.44783
56.35134
53.406837
55.28909
53.24992
54.468754
54.93367
55.92267
54.233086
55.286335
53.979004
54.86767
54.603085
56.100502
54.119667
55.797085
56.235832
53.272755
55.333504
55.458504
55.022915
54.585835
54.83067
54.98267
56.568333
56.08567
55.63367
54.07534
55.9705
55.402084
55.835255
54.724167
55.457085
53.49142
55.36975
56.390503
55.98492
54.38434
56.224335
56.118332
55.505085
56.405006
55.042004
55.036003
54.68667
55.59091
55.736164
54.737003
56.121334
56.5125
55.049335
55.04975
55.283836
55.76466
55.237003
56.539165
55.885586
56.00867
55.825253
54.188087
54.77117
54.705246
54.631836
56.392838
55.766335
55.93858
54.518833
56.290417
55.700756
55.82525
56.176674
55.623417
55.071915
56.251587
55.554173
55.472004
55.589005
56.534412
56.42425
55.9025
55.905926
55.969166
56.274754
55.16492
55.916588
53.947006
55.05442
55.640415
54.876583
55.68125
55.477253
55.15659
55.420753
56.887005
54.668587
55.234676
56.640587
54.900085
54.95509
55.10009
55.789585
54.02725
55.693
55.211334
56.45492
56.056496
55.169838
56.709667
55.857254
54.875248
56.670254
56.987915
56.263256
56.259422
56.29742
56.105503
55.779415
55.694168
56.640503
55.95267
56.59267
55.13025
56.95867
55.415916
55.842083
57.435
55.626587
55.36225
56.29375
55.76125
55.255417
55.414585
57.574165
54.939167
55.233997
56.183163
56.67875
56.549923
55.956913
55.20983
57.288425
56.268417
55.361336
55.817173
55.989754
56.628254
55.977085
55.364414
55.537083
55.789413
56.67625
55.209583
56.862583
55.34575
56.313087
56.67859
55.2575
54.257336
56.421497
56.022083
56.45884
56.229416
57.224087
57.390755
55.66408
55.40508
56.42717
56.23642
54.90334
56.125587
55.64092
56.946667
58.1745
56.17892
56.490917
55.618
58.194923
56.52342
55.922253
55.82492
56.473835
55.177338
56.410255
56.929253
57.338
56.6925
56.531498
55.254005
57.357338
55.87925
56.312004
55.258247
55.554165
55.84083
56.92159
55.65975
55.174088
57.261673
55.972668
57.177006
57.05534
56.231583
57.160255
57.773582
56.047253
56.636497
56.214832
57.058834
56.595078
56.958332
55.054836
56.080086
56.437756
56.406666
56.458256
55.965424
57.362167
55.38717
56.09083
55.53267
56.50092
56.289837
55.326836
58.07842
55.837837
56.912006
55.75625
55.045246
57.150337
57.395252
56.747746
56.4225
56.540585
56.62733
56.513172
56.975662
57.185493
56.51367
56.542004
56.128582
58.587162
55.87208
55.83
56.00458
56.84983
57.827755
56.79142
56.697254
58.167915
56.232838
56.927834
56.593834
55.86225
57.380665
56.996002
57.681587
55.6275
56.20659
56.74075
56.792583
57.14142
56.95575
57.508503
57.67384
56.672337
57.482506
56.62417
57.033333
58.021667
57.41283
57.790756
57.699753
56.74534
56.159004
56.47225
56.92067
56.830833
58.37567
56.227173
56.99892
56.898582
57.098423
56.79358
56.48067
56.890415
56.534256
56.861668
57.761665
56.41517
57.742252
57.278423
57.233253
57.99733
56.45075
55.669167
57.207005
57.39159
56.363087
57.91467
57.703007
56.825
57.796913
57.12625
57.550835
57.929337
57.489166
57.20425
57.598835
57.783
58.03208
56.341667
55.9925
57.17625
57.879166
57.269413
57.560665
57.774082
55.576004
57.35067
56.759666
57.76425
57.245083
58.034004
59.225502
58.641502
58.547337
58.24567
58.130085
58.198666
57.483585
57.23692
56.77517
56.900833
57.031002
56.58484
58.06333
56.17767
57.11375
58.48575
58.04867
55.431004
57.36842
56.530502
56.32642
58.811
56.861835
57.208588
56.99483
57.06167
57.475338
57.03384
55.335
57.826088
58.81775
56.81158
57.675747
57.3275
57.383
56.298332
57.38142
58.6475
58.436913
55.944504
56.86625
57.665756
58.015835
57.967167
57.647
58.60475
57.115757
57.08217
58.65675
58.95175
58.04942
55.371838
56.882915
58.743828
58.16091
56.479923
56.94983
57.260754
58.138
58.541668
58.447754
57.64892
56.49659
57.66483
57.85158
57.881004
56.733498
57.9135
58.24442
57.539505
58.14725
56.85892
58.187
57.846172
56.818836
56.99575
58.959335
59.066174
57.094337
58.23375
58.66
58.414837
56.473503
58.552174
58.266502
56.552254
56.35017
57.255924
57.85426
59.37042
58.244167
58.369087
57.880333
59.104504
58.46692
57.31767
58.333084
59.250587
56.86392
57.300083
56.563
58.496086
57.315834
59.15767
57.22942
58.382336
58.989166
57.998672
58.91892
59.43609
58.233253
57.545586
57.49884
57.98983
57.735664
57.09984
56.7975
58.514923
59.392414
57.332916
56.40284
57.766666
57.83142
57.361916
57.899166
57.69642
57.503834
58.783417
56.88483
58.418503
57.582584
57.925
58.181835
60.027332
57.71217
58.850834
59.122917
58.480255
58.85125
58.310833
57.381668
56.39067
58.200665
57.81858
58.609005
58.654675
57.56675
59.486835
58.146004
58.17942
58.191
56.343998
58.089836
56.62792
60.181835
59.082333
59.137337
57.929676
59.391758
58.322166
57.64392
59.33475
59.152416
58.844753
59.670494
58.017082
58.784584
56.948254
59.212837
59.08766
59.45692
58.279667
57.148834
58.86717
58.79858
59.19275
57.498672
59.02367
59.11867
58.517918
58.33284
57.483086
59.402004
59.404583
60.172585
58.65125
58.456173
58.618256
60.259583
59.18292
58.66675
59.138416
58.438164
58.170586
59.492752
59.048164
59.535084
59.81517
59.753086
58.664505
59.47158
60.36483
59.868088
58.448673
59.438164
58.5025
58.85183
59.503586
57.848248
58.921
59.259003
58.937004
59.185665
60.15567
58.503918
58.90192
58.103504
59.03983
58.223164
57.434006
58.016335
58.115417
60.856674
60.078087
59.304337
58.670086
59.235077
58.998672
59.121002
57.51767
59.218426
59.46642
59.788586
59.614754
57.618835
60.08883
58.8215
59.606834
58.703587
58.64525
59.0275
58.98142
59.471836
57.966087
58.852585
57.849335
58.196335
58.944923
59.348503
59.59833
59.30492
59.71725
59.538086
59.15875
59.741333
59.856003
59.43759
59.339336
58.952755
59.120663
59.288334
59.001335
60.22159
58.16909
58.371758
58.80492
58.338665
59.77425
59.676083
59.087082
59.700756
61.067417
58.52334
59.98784
59.241333
58.866333
60.264503
60.306587
60.223667
58.9725
58.44801
60.50658
58.752254
60.783997
59.300663
59.765503
61.184338
59.850494
58.53175
58.7905
59.024002
59.65158
60.368256
59.770664
59.17892
58.57875
59.923164
59.96
59.290913
59.28359
59.329838
58.328087
58.97142
58.09009
58.83592
60.571835
59.205334
58.96617
59.43858
61.07267
60.15533
60.439754
59.90108
59.93325
59.80725
59.701916
60.205338
59.61642
60.709923
59.424168
59.90483
58.82092
61.404083
59.2685
59.58625
60.303085
57.87017
59.6285
60.704666
59.100086
60.904083
59.40217
60.50867
61.456497
59.694668
60.474422
60.76992
60.222748
60.054337
59.74142
61.07909
61.52975
59.78325
59.708836
60.276
60.398003
59.42125
60.50925
60.41675
59.64108
61.268417
61.178257
59.690834
59.80825
60.824917
59.734165
60.356922
59.934414
59.883007
60.573418
59.842007
59.24358
60.418247
60.605
62.208
59.337753
60.039585
60.600418
60.472084
59.839836
60.207584
60.139336
60.425663
60.674503
61.35625
61.356667
61.945835
61.704166
61.01242
58.805588
59.89175
60.951588
59.89383
60.535168
60.84092
62.210503
61.339584
60.6895
60.80925
58.299416
61.355587
60.15917
61.020664
59.754414
61.317837
60.543247
61.225662
59.675587
61.525337
60.42475
61.87534
58.564087
60.655247
60.34483
59.959583
61.37792
59.357414
60.70858
62.24617
60.38025
60.422752
61.463257
60.27375
58.601173
61.040085
60.72142
61.87317
62.09
60.07259
61.490665
61.607338
60.944668
60.90534
61.382584
60.856003
60.171753
59.762253
61.207584
59.893417
60.97341
60.71958
61.842587
59.80692
59.752586
62.587414
61.520584
60.714252
61.18
59.86409
59.6925
62.524082
60.59034
61.277916
61.909668
59.418255
59.49
61.046
61.39017
60.2575
59.556004
59.27775
59.735664
61.177746
61.09091
61.302917
60.199337
60.985332
60.46
61.415005
60.676834
61.860832
61.732
61.636
60.71383
61.758087
60.243504
61.65634
61.569336
61.271496
61.913918
62.02608
61.57375
60.927834
60.090084
62.22167
61.92367
60.47142
60.173588
61.33067
60.09084
61.1525
63.15825
60.10966
60.291164
61.679253
62.216003
61.940754
61.14592
62.578827
60.52867
61.441174
61.019497
61.906326
59.637253
61.564747
61.93234
61.243664
60.234413
61.044914
62.134422
61.40658
62.66033
60.3915
61.694004
61.037167
60.79
60.803997
61.590508
61.728085
60.710503
62.26075
62.93608
61.259422
62.664585
62.74142
61.06658
60.63767
63.213665
62.130756
61.980747
60.996326
61.244335
61.409584
60.90717
60.34517
62.129753
61.614754
60.993
61.376003
61.17801
61.07725
61.26483
61.496166
61.87909
61.942005
61.485252
61.147415
61.92392
62.660416
60.374584
61.594246
61.544415
60.197746
62.14242
60.376915
62.084335
62.997993
62.762833
62.64909
62.493164
60.682167
61.959415
61.33108
63.133495
62.441086
61.4795
60.71725
63.51425
62.804752
61.75725
61.092007
61.858665
60.911915
62.259754
61.711082
60.394585
60.64534
60.9975
62.74767
62.105755
62.67908
61.42767
62.743248
61.927746
63.36642
61.673008
62.72517
62.70717
61.60375
62.61659
62.31167
61.062004
62.099
63.4245
61.486336
62.095417
61.43267
61.51642
62.183002
61.688835
61.240665
62.131336
62.37817
62.328503
62.764004
61.909336
61.949673
61.990417
61.977505
62.50892
62.021667
63.99567
63.019753
62.593086
62.851665
62.458424
62.588333
63.144676
62.294415
62.474754
63.564
63.476746
61.959923
62.38767
62.589005
61.447254
64.20133
62.022423
62.210835
61.393333
62.95659
61.63767
61.608334
61.528503
61.896496
61.492336
63.332916
63.013664
63.11142
62.878254
62.682747
63.72017
62.265423
62.715
61.49342
62.677082
61.112915
62.541336
61.829166
61.857838
60.58159
62.025997
62.009583
63.214584
62.665756
62.063503
63.68234
63.45
62.265
63.20591
62.91675
60.679832
63.48375
61.98575
62.244583
62.349
62.94767
62.092007
63.363163
62.16142
63.045418
63.271587
61.67475
62.315586
62.0405
63.222416
61.58358
61.080833
63.538666
63.52442
63.011913
61.89733
62.401173
61.03
63.345078
64.812744
63.565586
62.694584
62.846004
62.914246
63.498333
62.925255
62.1945
62.57858
62.96792
64.162575
62.644497
62.560757
61.21317
63.03592
61.85067
62.373665
61.995
61.93625
62.42592
62.459583
63.98625
62.81692
62.49425
63.4485
64.81733
62.18984
63.415
62.447918
62.979004
63.841587
64.344666
62.815086
63.9475
61.028255
62.863834
62.659252
62.96233
63.80909
62.523003
61.063164
63.578247
63.493248
60.32983
61.776756
61.876835
62.544754
61.242336
62.54767
62.73483
64.86617
62.489334
63.7
62.615757
62.89925
62.955086
62.762917
63.321327
62.329506
63.291836
63.38216
63.784252
63.020084
62.85983
62.786503
63.766167
63.35375
64.79983
62.850246
61.660248
62.684837
63.452168
63.571003
64.56375
63.416336
63.512585
65.33459
62.950832
64.78558
63.166668
62.808834
63.339504
63.35216
63.51608
63.884922
63.702168
64.163
63.350006
63.04767
63.26267
62.850834
63.40217
62.298836
65.218994
64.03983
64.31942
63.464584
65.31884
62.71625
62.9575
64.65392
64.60066
62.615833
63.145252
63.414585
64.98717
63.21792
62.7175
64.587166
64.051834
62.593334
62.114414
63.280663
63.250496
63.93425
63.29492
63.381588
64.48642
63.44592
62.499836
63.787838
63.5375
63.7485
63.80125
64.1055
63.615086
63.487003
63.055588
63.454414
62.821835
63.719505
63.220917
65.571
65.10634
63.07725
63.131004
63.788673
64.792244
63.93983
63.672337
62.70034
63.082333
64.117004
66.187164
63.315247
64.58684
65.55517
63.406174
64.07633
63.12217
65.055244
63.71884
63.937668
64.22925
63.170338
63.38659
63.92284
64.60717
64.269
63.350418
63.4575
63.415077
62.170246
64.241005
64.09017
64.739
63.307
62.703087
64.6905
63.555
63.21125
64.20267
63.330585
62.184505
65.131836
63.800247
64.071
64.586006
63.710415
63.900917
63.36125
64.15083
62.723164
64.7755
64.18208
63.952755
63.639168
64.50584
63.917747
64.54225
63.087006
65.96059
63.67358
62.666836
65.35234
63.30608
63.970757
63.69909
62.601837
64.65133
64.18526
63.86983
65.03825
63.61767
63.6705
64.23076
63.610832
64.03833
64.298584
64.74
63.53858
63.20367
64.59258
63.73784
64.35483
64.524925
64.188995
63.75983
63.85625
61.342995
66.02984
64.82933
64.11383
64.2245
65.096
65.34434
63.673084
65.98017
63.757584
66.35816
64.056175
65.03926
62.867584
65.279755
62.823254
64.52534
65.559586
64.438995
64.60942
63.389584
65.159164
64.405914
65.189255
65.788
64.269585
65.66067
63.38284
64.56033
64.43934
64.137085
63.362247
64.67458
64.31367
64.40566
64.76017
64.840416
63.59292
64.24941
64.93792
61.87983
64.66708
63.18409
63.838417
64.26975
65.05825
64.43767
64.26017
63.09225
66.00733
64.13925
64.14367
65.36584
64.7685
62.984745
64.276665
65.6735
63.27442
65.50466
63.33342
64.05658
64.55942
65.492744
63.601837
65.273
64.32284
65.243416
64.4885
63.706753
64.398415
65.281006
65.056335
65.47767
64.00958
64.46
64.36208
64.61967
63.991173
64.46017
64.159004
65.36534
66.044914
64.945335
63.07283
64.34725
62.875256
64.10875
64.92758
66.14625
65.54342
64.437004
65.04317
66.541
65.54275
65.76059
64.12276
63.874584
66.1585
64.37608
65.417755
65.445755
64.24792
65.21942
64.38858
65.6285
64.203835
63.94475
66.18409
66.012085
64.81026
65.25916
65.15791
64.822586
65.178665
64.763916
64.53975
65.029495
65.47542
65.595
67.129166
65.09417
65.77675
65.51225
65.91541
65.54125
64.57508
65.84759
65.24675
66.06033
65.3805
64.47466
65.16617
65.748505
65.40833
64.03291
65.07958
65.92834
65.86566
63.891582
64.980415
65.51383
65.19575
65.19659
65.57633
65.68883
66.07575
65.3425
66.20033
64.497
65.59559
65.97517
64.91058
64.181755
66.80092
66.65708
65.29126
66.067085
65.98317
64.96733
65.92474
65.29892
65.08433
67.19292
65.92225
65.2815
65.97684
66.74958
66.96767
64.930084
65.31
67.87725
65.09541
64.226585
65.69641
65.03959
65.99692
65.07733
65.94784
65.91458
64.01892
66.49992
65.48167
65.23075
66.936745
66.607414
66.05483
65.37908
65.447754
64.95317
66.25733
66.77867
66.085
66.020836
65.7005
67.290085
66.11384
64.96875
66.65325
66.3655
65.16659
67.40183
66.624084
66.695
66.13458
66.6725
67.388916
63.76483
65.23316
67.82208
65.80608
65.804085
64.178
66.432755
66.91375
66.58767
65.299164
66.617584
67.954666
64.94751
66.34699
65.24776
66.96925
66.083336
65.61534
64.665504
65.70125
65.732
66.45909
67.67233
65.402336
68.27501
66.08016
65.95367
66.125
65.518
64.48325
65.95642
67.00566
67.84
66.60608
65.59808
66.942085
64.8905
66.039085
67.905914
67.744
66.96051
66.624
66.11792
65.79625
64.91799
66.35233
65.93142
65.73233
65.21892
66.91917
65.12076
66.6005
66.508255
67.0705
67.056755
66.71491
66.78733
66.62817
65.51275
66.17958
68.36617
66.327576
68.20767
68.27967
67.32542
67.4085
66.03958
66.258995
65.56717
67.1345
67.070335
69.06025
66.90875
67.892334
67.03716
67.78333
67.975494
67.31184
66.67667
67.19192
66.009
68.48159
66.52825
67.30583
66.12884
68.72633
68.23292
67.66133
66.50825
67.0605
66.75642
67.57558
68.02925
67.75125
66.962166
67.50533
67.465416
67.31042
67.517334
69.33408
66.622246
66.717255
66.511
67.38167
68.3675
67.991585
68.01809
67.50342
65.46025
66.18483
66.32667
68.068665
68.21392
68.57816
67.39975
66.515335
67.22592
68.47459
66.12617
66.040085
67.809166
68.394165
67.76442
68.70108
66.87983
67.31734
67.61408
66.69508
65.628
68.01292
67.73983
68.15424
66.801834
68.07125
65.267746
67.702
67.69299
65.779335
67.415
66.914085
67.97592
67.27108
68.50326
66.492004
66.786
67.50142
68.280914
68.19967
66.89817
68.75867
68.50142
68.018
68.92208
67.695915
68.0325
68.35133
66.74575
70.023994
68.50075
69.023415
68.12733
67.85034
67.534
68.986176
67.483665
68.06892
68.61267
68.88008
67.33241
68.159164
67.984085
69.053085
67.785835
68.93983
68.42092
69.60825
69.15733
67.85425
68.96917
68.569336
68.94275
68.31792
68.39208
68.91841
68.72417
69.669914
68.805336
68.97809
69.4185
68.167915
67.38142
69.464584
69.624756
67.621414
67.16917
68.13775
69.1925
68.21184
69.2725
67.89
68.4935
68.9175
69.40708
69.85867
69.80258
69.45634
69.65925
68.844086
68.54175
69.61934
70.26684
68.99042
68.556335
70.376175
67.576004
68.07375
69.124
69.910995
69.056175
69.14283
69.66191
68.37283
70.31392
69.301
68.50366
68.9385
69.692406
69.38042
69.74442
68.92433
68.35475
70.59667
70.54083
70.20983
70.07992
69.024
69.4675
68.26284
69.05542
69.72875
69.05292
70.58201
69.60858
69.67625
70.63167
69.83091
68.60758
70.20267
69.15375
69.195915
67.76116
68.35934
69.7435
68.74267
68.35733
68.29684
69.33908
71.12992
69.85125
69.89792
69.32066
71.068825
69.27909
71.24834
69.78284
69.88117
67.25833
68.954926
69.69967
69.47267
70.77725
70.717255
71.03075
70.083664
68.42008
69.83241
70.46466
70.968506
69.948166
70.030075
69.52516
70.22525
69.64425
70.58566
70.609085
69.048584
68.59367
71.25392
71.3175
70.06658
72.50958
71.62316
69.721085
70.673836
70.39809
71.09358
70.38576
69.9325
70.652916
69.40383
70.082664
70.36549
70.46625
72.01933
70.96934
72.53975
72.24042
70.46258
71.32159
70.65492
71.401665
69.616585
71.51833
72.25392
71.87559
69.95117
70.85333
70.3565
72.32242
72.15884
70.433334
71.359924
71.050415
71.511665
70.764496
71.20733
71.39375
71.07375
70.898506
70.47542
72.63842
71.58284
72.908005
70.491165
71.67042
70.675
71.49892
71.39108
71.80142
72.464584
72.312164
70.92168
70.79083
70.52392
71.81458
70.576416
69.590836
71.203
71.56416
71.53767
71.86492
70.74942
70.544586
71.46291
72.07467
72.079834
70.58292
72.51242
71.662834
72.88142
72.065414
70.91533
71.1995
71.265755
71.36691
71.383415
72.097916
70.90925
71.797165
73.09617
71.61767
71.28875
72.1665
72.18475
72.76908
73.139
72.69983
70.576836
71.426
72.349
72.16233
71.813
72.26725
72.72833
72.805504
73.11733
74.13634
74.19583
72.912575
73.51933
72.33292
74.49783
73.30191
72.4635
72.72992
73.40225
72.76667
72.834335
71.42992
73.26383
73.61375
74.657585
73.51884
72.97483
72.87608
74.239586
73.85483
74.10525
73.656006
74.270584
73.870834
73.17292
71.915245
74.14533
73.598335
72.71642
73.03117
72.56616
74.35491
74.00734
73.96716
72.68592
74.49516
74.17408
74.04117
71.85733
72.86908
72.40883
73.423676
73.35975
73.09175
72.395584
73.12559
73.45533
74.04675
72.32
75.1135
74.021996
74.41983
72.45533
75.044
71.93166
73.97542
75.45992
74.27125
73.37375
72.4215
73.336494
73.176414
74.7275
74.86267
73.98233
73.88917
73.44183
71.7375
74.59742
75.014755
74.27592
74.322586
72.35616
75.04326
74.3285
76.05884
74.84716
73.662
75.51492
74.94583
73.6225
74.27559
76.32424
75.51525
74.511665
74.66333
73.16017
75.47825
75.973
73.243996
75.29259
75.12675
75.236084
74.13358
75.865
74.54841
75.381836
75.25367
73.75974
74.26983
73.416664
73.013336
76.00591
74.351326
73.94983
73.61242
74.263084
73.12708
76.7535
73.808914
75.04492
75.03642
75.33441
75.75283
74.30316
74.4995
74.39224
75.107666
76.47809
74.73434
73.748245
73.73301
76.4335
75.20634
74.58583
75.853004
75.30866
75.20175
75.8365
74.91917
75.1315
75.57184
77.132256
76.302086
77.05699
76.589584
76.45392
74.942
74.632744
76.67208
76.12192
74.48033
77.27092
75.069756
75.929
76.101494
74.666
76.507164
75.720505
75.35792
76.007
74.93158
76.16174
76.49133
76.49042
76.45191
76.47708
76.110245
76.2585
76.93958
77.19566
76.49867
76.54317
78.72934
76.44116
77.25549
76.79225
76.12708
75.387
78.334
76.30966
77.329254
77.93009
76.055664
77.57592
77.2675
75.240746
76.08409
75.56458
78.24458
76.195496
75.93875
76.48817
76.25783
78.49358
75.69483
75.69775
75.90483
76.87049
77.709335
77.934586
75.89775
77.359085
77.21349
77.40951
77.47466
77.34167
77.39549
76.809586
79.20333
77.163994
77.55659
78.218506
76.75192
78.66333
77.90833
77.043335
77.40075
77.55975
77.502
78.087746
78.13941
77.73142
77.78616
78.71025
78.084915
77.419334
77.44858
78.302
77.56509
80.07408
78.48167
78.08525
78.574
78.12483
78.719086
77.865166
78.463585
79.12684
77.45275
78.10208
78.054
79.61467
77.21017
77.49
77.79091
78.45167
76.398415
77.2045
78.56066
76.596664
79.21509
77.457085
77.58725
78.936584
79.37258
78.92167
77.390335
80.076836
79.61625
77.96658
79.53941
78.14184
78.77133
78.351166
77.07
79.04441
79.531006
79.31525
80.14667
78.64676
79.38075
81.246666
78.057915
80.29733
79.56992
77.52799
78.99208
79.21667
79.39175
80.14383
80.06292
78.726585
80.24408
80.44258
80.18033
78.45808
80.375
80.19441
78.962
79.12017
79.18375
78.81392
78.978424
81.02534
79.85233
79.81191
78.390755
80.72533
80.555244
79.08034
80.214
80.093666
79.34375
79.19708
80.565414
80.82242
81.0345
82.15809
80.95375
80.85475
79.98392
80.398415
81.83059
81.661575
80.120255
80.23742
80.45017
81.71934
81.59025
80.18491
81.40325
80.75392
81.5095
81.02292
81.33417
81.87142
80.687164
81.4315
80.53384
79.75117
81.37025
80.60199
81.586006
81.60233
80.771996
81.67733
81.1875
81.30992
80.62392
80.93384
81.18766
81.642746
80.12017
79.74841
82.15691
81.56008
82.49066
80.805756
83.142746
82.437
80.053246
81.38742
81.10642
84.06108
81.35575
81.22675
81.0105
81.352585
81.52625
82.59058
81.8145
81.84
79.37159
83.39633
83.30542
82.507416
82.55725
80.59309
83.78992
82.73017
81.94559
81.060585
83.157745
80.7935
82.36
82.06434
84.14925
82.09641
81.59541
83.700836
82.24675
85.03191
83.583664
82.34641
82.796326
80.694496
82.32158
82.40667
82.11975
83.19951
83.865746
83.32691
83.07566
83.3155
82.480415
83.34641
82.98383
83.14674
80.56292
81.594086
83.331
82.22366
83.01659
85.253586
84.33517
83.890915
82.08367
83.3285
82.25
83.319336
83.26933
85.66458
84.46675
84.36533
84.466
84.31892
83.68566
83.12883
85.114
84.062996
83.055084
84.53958
83.117
82.16342
84.23717
83.85558
85.06133
82.98241
84.25733
84.1745
84.236
85.49233
85.82733
85.78942
84.347916
84.359665
84.21608
83.972755
86.3625
84.204414
85.857086
85.06834
84.37658
81.652084
83.33608
85.72383
83.77091
83.80175
85.22558
83.38292
83.36934
84.821915
85.410835
84.25466
84.80242
83.73817
82.53917
84.07492
84.52458
84.0075
85.260086
85.14125
83.356
86.82608
83.332085
84.17242
84.98658
86.298
85.643
84.179085
86.51233
85.81316
85.81333
85.77701
84.62067
86.44708
84.59675
85.59275
84.48742
85.22517
84.67575
86.56699
86.99233
85.39408
86.91
86.930244
86.68491
86.47608
86.628334
85.1165
85.58342
86.831665
85.66133
86.770996
85.076836
85.69924
87.43534
85.94517
86.09017
84.841995
86.38208
86.93133
88.23033
86.93633
86.03142
87.544914
84.68042
86.142746
86.90134
84.96017
87.56733
85.235085
85.781
84.159
84.29317
87.167915
86.462585
87.667
86.59692
86.80258
86.79608
86.48517
85.11492
86.33483
86.030334
86.115746
87.96466
88.132744
87.90341
86.03142
89.04825
87.18392
86.64908
88.52417
86.499664
88.64833
86.93517
85.83758
88.1585
86.899574
87.24925
87.73342
87.69658
86.02683
86.001495
88.8045
88.05717
88.40342
88.40575
87.6845
87.40392
87.374
87.98866
86.72242
87.97134
87.21108
87.574165
88.633835
87.657005
88.22075
88.27617
87.4825
89.14267
88.08883
87.50592
87.27375
88.489586
88.61308
89.806335
87.759834
87.479164
88.7055
86.2565
88.239914
88.242165
87.43275
88.201324
89.03917
87.20733
88.48826
88.353836
88.58684
89.523415
89.11875
87.34017
89.09425
89.84492
90.48925
89.40883
88.187744
88.92208
88.82333
89.142
87.17483
88.54483
89.144165
87.3975
91.21117
89.59483
88.63025
90.23217
88.19275
87.85816
88.51108
89.44192
88.9425
89.83067
90.900085
90.44199
90.428085
89.57775
89.30892
89.415085
90.96242
89.75691
90.6315
90.193504
89.390335
88.5775
91.37858
89.61142
90.27767
90.42533
91.163246
90.39809
90.06167
89.913086
87.10517
90.764915
88.56125
90.3115
91.3275
91.393166
89.696335
89.463165
91.47125
89.94666
91.14766
90.98175
89.09392
91.3025
90.84783
89.95783
92.58233
90.71016
89.60917
89.07275
91.54958
91.71475
89.86359
90.38616
90.5345
92.59924
91.66233
90.96549
92.86175
90.63733
89.17841
91.46491
90.2825
90.31133
90.73441
91.98542
91.61641
92.27191
91.63725
94.2565
89.8125
91.73091
91.84908
91.73108
92.07074
91.03633
92.71792
91.16458
92.0365
91.097084
92.202835
91.94058
92.44283
92.954666
92.13125
89.827835
91.80892
90.03533
91.28549
91.22016
93.45017
93.67633
92.930504
91.08583
93.71917
93.17083
92.80033
91.55191
92.76833
91.25875
92.89017
92.601494
92.723495
91.531746
90.94924
91.63583
93.01967
91.22358
91.70442
92.77133
91.998245
92.773415
91.14375
91.64025
91.23875
92.405914
92.75708
91.83766
94.00809
93.13208
92.33908
93.709755
91.58884
93.68675
94.54125
92.59333
94.3885
93.501175
93.808914
93.485
91.991165
94.71225
94.00533
93.228584
92.50425
95.01017
92.59675
93.95316
93.12591
93.74492
93.20208
92.69334
93.39341
92.29417
93.56041
94.7085
95.44991
93.68966
94.16167
93.68525
92.872
93.175415
93.34174
94.09625
95.17392
93.6715
94.34333
96.546165
93.407005
93.07266
94.378
94.48075
94.220665
94.774414
93.923004
93.325584
94.444916
94.624756
96.49617
95.64733
94.06
92.982086
95.23358
95.42841
94.08908
93.94542
94.4095
94.58575
95.563
94.28525
94.129074
95.929665
94.0635
96.63383
92.96075
94.31183
94.31225
92.97742
94.64066
95.44642
95.5465
93.57309
96.51525
96.12583
95.74358
95.678665
95.357086
95.23174
93.78341
94.44516
96.24949
94.94708
95.801155
96.11383
96.45049
96.6
96.11584
95.682
97.16825
96.68
94.615
94.96975
96.64542
95.768585
95.112335
97.43283
94.90642
97.18233
96.00175
95.40225
96.47216
94.484
95.83383
96.898994
94.26825
93.71216
93.094086
96.84716
95.93892
95.849495
95.84716
98.636505
94.964
95.64534
94.63333
96.62841
95.45125
95.39958
95.52592
96.21133
95.382744
96.936745
94.684906
96.536415
95.11733
96.318665
97.11591
96.38316
95.935
96.116005
96.36708
95.469246
96.219086
97.70333
97.40708
96.487915
97.299164
98.152916
96.59591
95.45633
96.09817
95.793
96.53633
98.94241
96.76924
95.22909
96.78208
97.184586
95.55058
94.72441
96.446
97.47459
98.371666
95.81616
98.35383
96.55142
95.931335
97.767746
97.04875
96.712006
97.86625
96.33383
96.63191
97.40317
97.73908
96.58883
94.68534
97.159
96.98599
97.86625
97.78792
97.8545
98.317665
99.06783
96.39792
98.755745
98.48657
96.335075
98.33708
98.78733
96.68676
98.46233
95.22867
98.87225
98.637
98.23125
97.54325
97.31675
97.84225
96.93758
97.72691
98.08158
98.32608
98.27692
96.80258
99.99066
98.7375
98.224754
98.94258
97.772575
99.5915
97.181915
97.65559
98.171165
98.28533
98.15691
100.03942
99.49117
99.087746
97.35466
96.801834
98.735085
98.87175
99.653076
99.85549
98.21525
97.32158
98.13308
98.4405
100.227165
99.34508
101.17142
99.138824
97.65542
97.757576
99.3425
98.21675
98.00591
98.69233
99.354
98.207085
97.58424
98.84391
97.39075
99.37142
99.355415
99.452835
99.49367
100.477745
96.71083
101.36542
99.65483
98.70308
98.47867
99.694
99.38966
99.125244
100.84641
101.047165
98.794334
99.48775
99.10408
98.37116
100.47708
99.20716
101.146
99.68542
98.82408
98.5225
99.77941
98.54233
100.03475
98.187416
98.62058
99.72542
100.510994
102.59767
100.37642
99.52641
99.94566
102.59408
98.77275
100.9915
101.858246
99.539665
100.81108
101.638
99.79433
99.22791
100.16941
99.53758
100.07333
101.907425
101.42742
100.90608
100.71066
101.54217
98.53658
99.46283
100.25691
98.333916
100.57542
101.27433
101.815414
100.9935
100.76625
100.38958
100.02092
100.77541
99.294754
100.23075
101.191574
100.49508
100.9645
100.64691
99.929085
100.45992
101.76341
101.76907
101.163826
101.4475
102.84425
103.63125
100.72908
102.416916
100.44175
100.25933
101.16025
101.187164
100.72417
102.51275
100.34458
101.62892
102.66417
100.27633
101.56033
100.34309
101.516495
100.88324
102.498245
101.86384
100.92775
102.2465
101.73034
100.56233
102.51458
101.639755
102.00933
100.89775
101.8465
102.614
102.42167
102.329666
101.96117
100.71142
103.0105
103.78433
102.09817
102.235
102.9495
100.80192
101.797005
102.000244
101.91942
101.04875
101.19782
103.4025
102.34791
101.56
102.44933
102.78425
100.39633
102.28
102.09533
103.02316
103.282745
102.68033
101.44192
102.86667
102.280334
102.79792
102.46809
102.04892
101.248085
101.362915
103.196495
101.07733
101.693504
101.766
102.73799
104.91284
100.86225
102.67875
103.85616
102.42283
101.16817
102.865166
103.34858
102.49908
102.380745
102.68017
100.830086
103.242165
103.56999
102.48292
102.06592
102.64783
101.89424
101.82975
102.946754
103.3135
101.44116
102.58783
102.82042
103.65192
102.266495
101.576
102.89758
102.59866
102.96709
103.38375
102.24941
105.15199
104.01783
102.04691
104.53549
102.582825
102.85291
103.71709
100.98316
101.895
101.98333
104.55533
103.40317
103.44933
104.34875
101.745995
103.58316
101.93108
103.969086
103.23659
102.764244
102.49983
104.0555
104.59599
104.118996
101.89958
102.048584
104.18841
102.50566
104.58241
102.86508
102.8855
103.43508
103.809166
102.937416
103.4975
104.00625
102.93683
104.13808
103.96407
104.00083
104.0535
102.28691
103.437164
104.45025
106.319336
105.40542
103.77333
103.78509
106.87299
103.26541
102.328674
106.18916
104.68725
103.264244
103.320496
106.01783
104.71875
105.59941
105.22524
104.03558
103.02
103.451324
103.9055
104.83858
103.24683
103.883
106.53775
104.31616
103.80075
104.26958
105.15483
104.70108
105.7565
104.468
104.974915
104.15091
104.915504
104.45133
105.192825
103.303505
104.60025
103.804924
105.076
104.87342
103.23924
105.49367
108.57767
103.905075
105.24949
104.055244
104.152084
106.546
103.771164
105.19316
104.95516
104.0835
106.2715
104.234085
104.786995
104.202255
104.94125
105.69075
102.81716
104.80191
105.35309
106.455666
105.95317
105.94441
105.30292
105.58708
106.125496
104.391914
104.80908
106.44091
103.98766
105.05299
104.25717
104.62067
102.85466
105.977585
104.687164
105.175
105.12358
106.15942
106.260414
104.97325
105.472084
104.968994
104.76292
105.75291
105.64033
105.72525
105.27741
106.67116
107.815926
106.742
105.290245
104.36883
104.78908
105.92125
105.82525
104.38533
106.9715
106.52492
106.001915
105.941414
105.67167
103.74307
105.97425
107.47883
106.32466
104.852585
106.01141
106.22125
106.04317
104.820915
107.73941
107.64384
105.41292
105.794075
105.22667
106.41233
106.13033
109.19808
106.722
105.5765
107.16292
106.225586
106.39767
106.692245
104.91425
104.907005
107.77475
107.52716
104.8035
107.121666
106.44133
105.42451
106.458
105.26133
106.44633
106.23867
104.75217
107.53108
105.54225
106.42575
105.69633
105.977165
104.52324
106.93058
107.09475
106.444916
107.83259
105.04091
106.62724
106.71066
107.665245
106.94033
105.72175
106.641914
107.27583
105.80716
105.59133
105.15366
108.24792
105.539246
107.138916
107.08142
107.85875
106.812256
106.76083
105.8235
107.16392
104.62701
105.35833
107.76525
109.41074
106.82267
106.64225
105.729996
106.61042
107.82625
106.326004
105.818085
105.11083
105.92492
109.265495
106.663414
107.04667
107.15017
107.045586
106.759254
108.39658
106.99075
106.14816
106.63084
106.09799
107.81058
106.26633
107.75992
106.374
106.704926
104.26058
105.07117
106.65849
109.229416
106.21358
106.093666
108.131165
106.48725
106.72534
105.49025
105.70858
107.41441
105.87183
106.74049
106.90949
106.22809
108.1825
106.91025
106.880585
107.42691
107.159164
106.46142
108.73575
108.067
108.29616
108.34124
107.22791
107.67841
107.74925
107.214584
107.46392
108.49549
106.995
108.24416
107.84517
106.77516
108.11259
106.68141
107.16049
109.23401
107.02866
109.44841
109.04983
106.069336
109.33275
107.02283
108.395
107.394
109.75916
110.09466
109.06374
106.78224
108.69891
108.309746
108.297585
107.320076
107.86275
108.44958
108.144
107.71282
108.06084
106.88467
109.71326
108.865166
107.16425
107.91491
107.342575
107.12842
108.76125
106.26133
107.613495
107.7465
109.82783
108.02959
107.83008
109.09508
107.95692
108.48433
109.33409
108.02892
107.429
109.1975
107.64442
109.51833
109.229
110.3605
108.71616
106.36033
108.97916
108.09825
108.87866
110.30049
110.644844
107.88008
107.99834
107.51108
109.32258
108.88358
108.88292
108.227745
107.71442
107.662575
108.04925
108.35092
109.10367
108.7195
109.365585
108.85167
109.44859
109.2685
110.18641
108.83424
108.99941
110.02358
108.680504
108.93017
109.797165
108.9235
109.8139
109.08
109.33275
109.68125
108.971245
108.26659
108.68375
108.248665
107.58125
110.39883
108.61042
109.785
107.860756
108.485664
108.89958
110.803825
107.88534
108.48049
109.96693
109.514244
110.41159
108.5665
109.26675
108.84733
109.068665
109.23657
108.49575
107.616005
109.584496
110.69875
111.064674
108.85184
108.54983
107.53125
107.631744
111.26883
109.06575
109.352005
108.40242
107.65
109.37826
107.993256
108.06941
109.58417
109.67
108.527084
111.08724
110.41909
109.46625
109.16475
110.51684
111.484085
110.76883
110.133255
108.530334
110.20158
108.20108
109.75133
108.96449
109.82
108.91701
110.86708
108.415245
109.47216
108.56367
109.38941
109.33059
109.315155
110.38517
109.03367
109.80242
110.05065
109.2
110.96892
109.33083
110.93234
111.05491
109.99091
109.60042
110.62025
108.96717
110.8511
108.81775
110.029
111.4185
109.585915
109.96975
110.616005
111.61925
109.264
111.93375
110.48333
109.26875
110.57542
110.865746
110.33176
109.402916
110.80133
110.768166
109.268906
109.96674
110.68326
108.82083
111.246666
109.71492
109.82326
111.10258
109.37099
110.323166
111.22034
111.18492
111.223335
111.51841
109.31725
111.45191
110.43792
111.51675
110.98591
110.91841
111.10474
110.40393
110.67292
111.72201
110.237915
110.44076
111.50317
111.48675
111.118675
110.43792
110.620575
111.58966
110.54874
109.855415
110.09167
110.33966
112.41091
110.72108
110.5
111.64925
109.83625
110.16599
110.08642
111.521576
111.2415
111.80517
110.68584
111.254166
112.43667
110.57984
109.43991
113.15574
110.12292
111.17576
109.01608
110.70815
111.91983
110.441826
112.65667
109.10242
109.67292
112.10233
110.56659
110.818085
110.41209
111.05432
112.517334
110.75466
111.853165
113.073906
111.318825
111.37559
111.05524
111.4405
112.43566
110.005
110.253334
111.97409
111.57224
111.45159
111.692085
110.771835
112.47776
112.19258
111.8019
112.455
111.79159
111.58625
113.274414
111.392426
110.52008
111.00557
111.55508
111.65734
110.12174
112.789246
113.20191
110.61983
112.17451
113.47258
110.59108
112.41576
112.79041
112.254906
110.58875
112.08883
110.45792
111.40909
110.83667
110.50617
111.63692
113.659584
112.787
112.874
112.6075
110.52242
112.418335
114.477425
113.5825
112.70082
112.57508
111.384254
112.355
112.10943
111.02659
111.34058
111.023415
112.96234
112.39508
112.608086
113.27701
113.22192
111.91924
109.154755
110.72008
113.610245
111.124
112.741585
113.10759
113.75767
112.75391
110.857994
113.32284
112.34174
112.52508
112.01909
111.853165
111.12474
112.00617
110.83992
111.60567
111.55725
111.70633
111.55375
112.60716
111.219246
114.01099
113.27401
113.95808
111.75617
111.954834
110.80725
112.25816
112.98892
112.628
113.878
112.66216
113.07392
112.57216
114.605576
112.291824
111.72242
112.07442
113.33909
114.14083
112.72724
112.82667
112.67875
112.59591
115.37125
113.086914
113.26233
112.875
112.14517
113.02292
112.82352
112.86958
113.331406
111.756905
113.06008
113.56241
111.49517
113.01091
112.863655
113.40909
113.457085
113.94341
112.07367
113.210075
112.32682
110.704834
111.927086
111.840744
113.143486
112.74234
112.97276
115.19334
114.99599
113.24283
114.00901
112.70576
111.70815
113.99716
111.589
112.472084
113.69408
112.659164
112.144844
113.27358
112.915
112.71625
114.03066
112.47583
111.93909
113.52892
111.51716
113.176575
114.00349
113.84617
112.94341
114.641495
112.072334
112.391
112.18858
112.28667
113.84307
112.97424
112.77742
113.79358
112.13016
113.99683
111.19758
114.39833
114.24358
112.7605
113.77425
113.38191
113.08992
115.18424
113.86042
113.49125
111.95725
114.196915
115.038826
112.02534
113.258415
115.09817
114.12483
112.323
113.08091
115.19833
113.02599
112.15818
113.188675
113.6489
115.71341
112.55375
112.610664
114.06182
113.342995
114.74425
114.05808
114.132576
112.879326
112.95917
113.849
113.844505
113.880325
115.13966
114.51367
112.29424
112.72984
113.83034
113.77233
114.8455
113.392426
113.07767
113.140755
114.21142
113.22459
114.148415
112.5275
114.55023
113.065
114.491005
113.99108
114.664925
115.78182
112.24508
112.59375
111.995834
115.71092
115.27617
113.52924
113.562004
114.80892
115.296585
114.579155
113.42834
114.97667
114.26151
114.01233
115.699585
113.859505
112.58034
114.54349
112.9595
115.148415
114.32859
114.679245
115.18201
114.47826
112.997086
114.88292
114.26284
113.20808
113.64435
113.99792
114.49375
115.048
115.232086
117.08459
114.29441
114.360756
114.70992
116.29383
113.82617
113.3095
113.39816
114.62515
115.16275
114.54708
115.32883
114.128
114.95091
115.81349
113.64542
114.41349
114.33242
116.31642
113.57909
113.34583
113.77741
112.90949
114.61349
114.58174
115.59758
114.71184
113.79984
114.20108
115.63191
114.01401
113.99792
114.615166
114.43159
113.897995
114.37659
114.17742
115.76758
114.29925
114.86409
114.49983
115.165
114.45125
115.476746
115.16576
116.09941
115.199425
115.41824
114.39516
114.86542
114.624245
114.91026
114.977165
113.99432
115.01375
116.068825
115.01559
113.54284
113.996994
113.8135
114.71741
115.101585
116.081665
115.20008
113.99534
116.366585
113.964584
114.49799
114.58424
113.68151
113.256325
116.06091
114.84242
115.631744
114.8465
115.64958
114.09633
115.05008
113.907745
115.19334
114.41675
114.31208
115.01609
115.81816
115.39733
114.38049
115.09591
115.227745
114.68358
113.18175
115.79907
114.38425
116.16434
114.86383
115.80099
116.011665
114.62557
115.7285
116.06567
115.83583
114.763084
115.77992
117.08826
115.66325
115.58017
115.36383
115.79875
114.21216
114.71066
115.63316
115.29841
116.79949
116.93308
115.269585
116.878426
115.51417
117.79983
115.699
116.69557
116.80159
115.50375
117.152916
116.41917
116.217995
117.13559
115.01216
114.44809
117.03125
115.58032
117.06534
115.40133
115.99416
116.767746
116.56599
114.10398
116.67108
115.31434
116.05067
116.07917
115.61858
116.197914
115.63158
114.31358
115.08367
116.437744
115.499756
114.79792
115.91616
116.50224
116.201324
117.524086
116.38932
115.83841
117.06333
116.1675
116.201744
115.736404
116.70292
115.883995
115.6161
116.136665
115.301
115.8305
117.70534
117.264244
116.650154
117.45117
116.58826
114.34333
116.98107
118.25284
114.9825
114.77943
117.949585
117.28042
116.25424
116.967995
115.167915
115.63591
115.73284
118.5864
117.47117
115.49217
116.38025
115.851746
116.8725
115.40633
116.018486
115.76841
117.43466
116.146
115.48515
116.101006
117.301834
116.065575
116.22275
117.45049
118.06641
117.777084
117.121925
117.76833
117.388336
116.364845
116.57068
117.75424
117.39182
115.06233
117.465416
116.515915
116.28483
118.47117
118.00733
115.533424
116.56641
115.90076
116.93375
117.80858
115.06057
116.74158
116.30091
116.61758
117.00258
118.83926
118.02049
116.26883
116.99642
118.62141
116.8375
118.582825
118.30375
116.95425
115.798164
115.88266
117.2565
118.30008
118.40833
116.110245
117.25608
115.93057
118.07166
117.86883
117.506096
117.71591
116.98701
118.23458
116.70591
116.972084
117.62591
115.88742
116.52058
117.288826
116.585335
118.10241
118.29267
115.14409
119.06084
115.70034
119.270744
117.00057
115.46682
116.921005
117.55341
117.32267
116.10307
116.08424
116.32125
117.33517
116.48341
117.039085
119.25241
116.9575
117.76867
117.319664
117.06591
117.85525
116.37008
117.16883
117.643166
118.45767
118.673
117.78693
118.87542
117.0875
116.785
117.05049
119.18807
117.58459
119.72225
117.556175
117.05733
115.63799
117.906746
117.62076
117.43801
118.77333
116.41883
117.20316
115.664665
119.13891
117.33824
119.8725
117.72457
117.05432
115.68267
117.11033
116.77167
117.89042
117.507
118.139755
116.98174
118.07159
117.96991
119.85691
117.169014
116.3875
119.81818
119.29117
118.13992
118.97091
117.620155
120.375336
117.422424
118.75792
115.548996
118.4275
116.7135
117.157005
117.84008
117.1715
117.96784
116.82375
116.94008
119.39449
118.23933
118.41857
117.55909
118.038826
118.272835
117.573
118.6515
118.57908
117.60875
117.98367
118.65826
116.46984
115.88992
117.70816
119.45467
119.623825
118.92466
118.589165
116.9195
119.376
118.52034
119.29125
116.555
118.675674
117.37432
119.0735
120.24375
118.49692
116.93724
117.725075
118.38591
117.940834
119.07349
118.32242
117.60466
120.13158
117.82258
117.155
118.60659
119.538826
120.29267
117.95307
118.63692
115.739815
115.40317
119.321915
118.39175
118.80666
119.67532
116.55633
117.94117
117.70042
117.4215
117.80742
118.370575
118.93875
119.027916
118.263824
119.105835
119.12533
119.35558
119.89599
117.47341
117.87141
119.30784
119.01216
116.808174
117.22099
120.323166
118.574585
117.951744
116.87299
119.024086
119.97483
118.67725
118.9375
118.22324
119.441666
119.14125
119.22909
117.80858
120.6975
119.59441
118.45758
118.37609
120.022575
119.99068
119.4935
118.92651
118.503
118.574
118.506096
118.15617
119.596664
118.50932
118.441826
119.00875
118.95233
119.50724
119.845
118.98776
120.51109
119.661995
119.83926
120.24184
118.85983
119.18816
117.93059
119.70432
119.34009
118.7775
118.21234
117.44117
117.88849
119.1765
119.625
118.86008
119.40649
118.860664
120.20784
119.75742
119.02359
119.7085
120.090744
120.9425
118.67375
119.203415
119.67458
120.00776
120.042915
121.4775
119.45659
119.96291
119.52674
119.58883
118.77242
119.827995
119.20799
119.323
119.773254
119.62434
119.975075
118.09209
120.55526
120.32776
119.82801
119.19318
118.412575
119.86383
120.470245
120.50708
119.32716
118.91159
119.47583
120.06258
120.092995
117.85608
120.05883
118.97466
120.02216
120.69883
120.46315
119.27657
120.02758
119.109085
120.644585
120.950676
120.06057
121.14492
119.39333
119.844086
118.694336
118.62708
118.64451
119.31025
120.08151
119.812744
119.882576
118.84366
121.46307
118.74432
119.94117
119.84625
119.544075
119.5419
120.248825
121.646904
119.52484
118.66267
120.25182
119.625336
119.55767
119.78083
120.072655
119.909325
118.88042
120.063255
121.49551
120.17625
121.15858
119.64735
120.965416
119.576416
118.14258
119.11326
121.79833
120.12909
119.17776
119.45917
120.11398
119.97991
119.50833
119.86284
120.47992
120.84242
120.89767
119.77466
120.765076
119.005745
121.06017
119.99283
118.38958
119.57833
119.29441
120.05909
120.59358
121.44975
120.21125
120.53116
120.966835
120.32716
121.359505
119.62491
120.68159
120.12432
120.83284
119.58242
120.80159
119.57892
119.525665
120.24409
120.51041
122.2961
120.64625
119.48191
120.72741
121.52858
120.82326
119.52591
119.6225
122.13283
121.48159
121.508675
119.59167
120.41117
119.90733
120.36008
120.68375
119.56016
121.36617
120.35991
120.6165
120.04966
120.611664
120.54591
120.08909
119.40459
120.35099
119.07708
121.948425
120.558174
120.27534
119.70959
122.04951
120.17434
120.843994
120.47575
119.59826
121.28358
120.231926
120.382835
120.81117
121.43375
119.34599
121.70167
120.808334
119.2605
121.965576
119.15682
119.96291
120.66241
119.81034
121.34732
121.81034
119.57932
119.49599
120.349
121.39709
120.160835
120.83076
120.50892
121.38034
121.384834
120.5615
121.585
121.345245
120.7135
121.26099
119.42691
120.89792
120.30375
120.39892
119.78276
119.544846
120.895836
120.64892
122.07975
120.69474
121.16799
120.117836
121.67784
120.715576
120.84316
121.413086
120.14026
121.62909
121.81358
119.71475
120.51099
121.479324
120.20775
120.962006
122.16534
119.95266
119.76125
121.99849
119.84917
120.42858
121.96591
122.08466
122.13049
122.43125
120.36508
122.764755
122.146996
120.7785
121.11584
123.13116
122.16867
120.25807
122.08242
120.94776
121.46451
121.23316
121.41799
120.16733
121.03276
118.86275
122.718414
120.986176
122.101746
121.33325
123.06699
121.33276
123.217
120.63016
122.23633
120.83417
122.925674
120.99866
121.29684
121.29599
121.03599
122.019165
122.96932
120.19583
120.72974
121.734085
121.67958
121.50849
121.45458
123.20409
121.549164
121.96958
120.96941
121.187004
121.61566
121.667656
123.887405
120.78068
122.28357
121.99992
121.14932
121.5014
120.52909
122.211006
122.33542
122.50232
120.69533
120.898254
120.67784
122.61491
122.13242
121.33008
122.4319
121.485664
121.13849
121.16891
121.01574
121.69409
122.11693
121.433334
124.218254
122.61225
122.25068
120.552086
121.02808
122.38316
123.11916
123.234245
121.70208
123.486916
122.59867
122.11974
121.24766
121.99758
121.44983
120.778076
122.046005
121.87108
122.82934
122.479164
121.29525
122.84701
121.000336
123.136665
122.11599
121.84941
122.12025
121.81758
121.11057
122.03258
121.06458
123.1065
121.10025
121.883415
122.484245
121.396576
121.95042
122.317085
122.88416
122.58625
122.75015
121.74432
122.43275
121.953674
122.55266
121.86934
121.848335
121.32133
120.511406
124.34099
121.83341
120.83199
122.1169
121.961174
123.118256
122.118996
122.885
123.16917
122.66817
123.86901
122.88358
121.83859
120.03125
121.73474
123.456
120.53284
124.29667
123.01866
122.61642
121.7336
121.415
123.68508
121.58292
123.05174
122.62258
122.98701
120.94966
121.69942
123.07
122.11932
121.09941
124.33942
121.73034
122.96667
121.032745
122.400665
120.86383
122.632
121.04859
122.06642
120.73325
121.482574
122.320076
120.78208
122.58492
123.95233
122.45941
122.36591
123.43833
123.3375
121.753334
122.65426
123.12116
124.00159
122.090416
121.32151
121.654
123.58809
121.61475
122.38425
121.16675
123.35141
123.585754
123.82059
122.294334
125.13775
122.969086
122.455414
123.57216
121.535576
121.515915
121.21333
122.56816
122.58708
122.92633
123.489426
123.03651
122.43642
122.954414
122.39984
120.66966
122.26758
122.45267
122.10034
123.56849
121.215324
121.898506
122.655754
123.78341
122.95901
122.28016
122.85608
122.701744
122.471825
124.07074
124.20775
123.13108
123.351585
122.77025
123.14875
122.721664
123.60326
123.31
121.30034
124.30183
123.13716
122.60383
123.46633
121.934586
122.870155
123.95399
122.93534
123.84034
123.51824
122.254166
121.78792
124.085915
122.28383
124.0875
124.16675
121.832344
122.973175
123.31641
122.24892
122.56733
123.735756
123.02108
122.10841
122.23799
122.31875
124.54
124.22534
122.05284
124.08708
122.59867
122.76992
121.989
122.52224
122.30276
122.53558
122.68767
123.52283
123.12275
124.323074
123.223335
124.37183
121.31784
123.503334
122.60567
122.86708
123.60633
123.33466
123.48633
123.26391
124.47466
122.100914
122.93724
123.08782
122.357
122.73733
123.15642
123.00208
122.786
121.81792
120.75451
125.320076
124.855576
123.435
125.05574
123.838
123.45909
123.50591
124.308334
124.021576
122.80441
123.58875
122.47216
124.62675
124.391495
123.93792
121.967255
125.169754
124.48799
122.92333
124.34049
123.652084
125.52867
124.79083
124.12067
123.605835
125.61
123.507576
121.6075
123.5695
123.80542
126.19108
124.50625
122.47159
124.605835
123.60083
123.855835
124.055664
124.905
123.47125
123.93916
124.0719
122.368675
122.51983
123.87058
123.74208
123.73733
124.9715
123.723335
123.15599
123.55316
122.832825
124.556175
124.3055
124.32059
123.95591
123.83951
125.060745
124.486824
124.05458
121.30133
123.75233
122.58542
124.01633
124.36284
123.909325
123.53958
125.24416
123.90516
124.58875
123.82617
123.54034
123.555
122.08826
122.36858
123.38416
123.06725
124.15875
124.73858
124.15909
122.85733
123.272
125.01009
124.63766
123.81807
122.95051
124.83833
124.69367
124.20216
124.00508
123.87824
124.13932
123.85525
122.27116
124.5075
124.271416
124.39133
125.179
124.00424
124.42775
123.26833
124.70875
125.67318
124.577
123.83417
124.35983
125.4915
126.12292
124.25398
125.00966
124.92265
125.53818
123.66758
124.80557
123.06
123.54125
124.758675
125.127914
125.370415
124.693985
124.04057
122.55515
123.871925
124.30524
125.556496
123.02617
123.40791
122.85333
123.87067
124.68966
123.45692
124.94174
124.49208
123.37684
126.01017
123.087425
124.52966
125.25866
124.33991
124.54184
123.15325
124.94266
125.15266
125.19826
125.876175
123.53825
125.927826
124.35776
123.52358
125.74642
125.243
124.437164
124.35949
124.18951
125.41008
124.419426
123.37492
125.84458
125.201324
124.038506
124.48708
123.24034
123.443504
124.82475
123.95875
124.75551
126.12701
124.573906
124.424164
124.962746
124.79466
124.35641
125.80933
123.700264
124.96125
125.65833
124.454926
125.93682
124.145836
125.19025
124.35466
125.30633
125.63725
125.11142
125.642914
124.23875
125.25508
125.06016
124.65974
125.64674
124.39398
125.44349
125.292915
124.65375
124.68992
124.541664
124.71818
124.474754
124.35818
125.01159
126.41125
125.86193
122.55742
124.94117
125.186325
125.42549
123.42816
124.98034
125.54224
125.226746
124.21017
126.228584
126.23758
124.30817
124.17142
124.94775
126.24116
125.54533
125.50767
125.07566
124.107666
124.78934
125.73049
124.441826
124.54432
125.37334
126.74549
124.40807
125.36276
126.344925
124.57349
124.963165
125.36341
126.014244
124.09025
124.77858
123.55909
125.17576
125.74091
123.9775
125.89625
125.62542
124.05826
124.476746
127.58284
125.759834
126.13233
126.19133
125.06182
124.617256
124.525246
127.41151
125.14659
126.16401
125.0585
124.03767
123.475
125.059845
124.839584
125.376495
126.30651
124.774414
124.823
124.64083
124.407425
125.79059
125.49841
126.582085
124.756096
126.798676
125.05542
125.14625
125.30682
125.34316
126.22583
124.49042
126.35483
125.62974
123.85483
124.86042
125.92784
125.937164
126.24267
124.1435
127.114586
126.609085
126.19634
124.62174
123.794
126.11091
125.85841
125.17958
125.322914
126.8455
125.81525
125.12275
127.281494
124.62741
125.525925
125.72383
125.159
122.76074
125.79358
125.20849
124.77508
126.19642
124.07792
126.80966
125.612236
125.09725
125.8285
125.07442
127.06235
125.5125
124.84617
126.52209
126.34358
125.87566
125.680244
124.945915
123.423256
125.91174
125.193596
124.45966
125.72542
126.961494
126.497086
125.797424
126.264244
126.37559
125.20716
124.848595
125.79026
126.22625
123.85776
125.96199
126.41375
125.67608
125.296326
126.09483
126.81292
125.79557
125.830246
126.86234
125.87966
126.14508
126.392334
125.59767
126.098335
126.592
125.14616
125.728165
126.94349
126.59724
126.19775
125.66049
125.745834
126.36282
126.10549
127.73133
127.74818
125.35932
126.66883
125.62391
126.75234
125.62782
124.72417
126.64735
125.15909
125.499
126.40999
125.19391
125.62508
126.32667
126.37758
126.434166
124.14159
124.891495
126.429665
125.46175
125.415665
125.44275
126.661095
125.44509
126.68883
126.04358
126.27716
126.28034
126.44517
127.43083
127.35057
125.665
126.44483
125.161095
125.29024
125.695755
127.446495
125.46367
125.74716
125.461494
125.110664
126.00966
126.12883
126.67576
126.210335
126.44909
127.28042
125.87708
126.81758
125.93299
127.04943
126.34417
