45.573753
45.080837
45.035
46.665585
47.95917
47.02442
47.040085
46.610672
48.439003
47.518085
50.535168
49.03017
50.7745
51.512917
48.889835
52.7475
51.71567
52.357166
51.702168
51.70658
51.96267
51.014168
51.70275
51.415253
52.020336
52.86442
51.923588
51.77325
52.242504
52.359085
54.484753
50.857002
51.542336
52.43817
50.98267
51.83292
51.65167
53.697918
51.582504
51.96142
51.703087
51.91909
52.40717
53.028168
52.786167
49.264168
54.27742
51.840168
52.518753
51.169838
52.198673
52.29175
51.318333
51.820255
51.920086
52.06017
52.954334
53.076088
53.45334
53.661087
52.342667
51.997585
53.936165
52.50992
53.898758
51.11467
52.366505
52.183834
52.450005
53.435917
52.6785
52.61342
53.41067
52.04717
53.352505
51.74717
54.23375
52.66242
52.627167
54.058502
51.646336
53.54842
52.882088
54.68575
54.506668
53.149166
53.643417
53.58442
54.952583
53.715
53.48175
53.01667
52.63284
52.51875
53.678673
53.483665
55.78409
54.483585
53.78175
55.00284
52.693085
53.587833
54.554836
53.60909
54.584583
54.35883
53.933334
55.21392
53.50917
53.26542
53.856083
51.68833
53.21767
54.805588
53.689667
53.93342
55.051334
54.214916
53.88567
54.161
54.448673
53.571667
53.802338
54.782917
53.54892
53.79625
53.411835
55.166004
55.84225
54.161255
54.253754
52.3765
53.990086
52.820168
54.537254
54.473335
54.794334
53.685337
54.719006
54.652332
54.34667
54.02
53.388588
54.935085
53.71092
54.638416
55.039505
54.46925
54.871334
53.21742
53.403503
54.88425
53.39075
54.42259
54.053
53.969337
53.539585
54.373005
53.217834
53.734837
55.30825
56.122585
54.519505
53.72425
55.017082
53.965588
53.454754
55.16658
54.102253
54.70409
54.874336
56.022583
55.33642
53.33442
54.13492
54.08892
55.325
54.214584
54.945
55.44017
54.377254
53.87867
54.570667
54.939243
55.00926
53.806583
54.2395
54.08859
54.75625
57.156334
55.37617
55.70742
56.057755
55.17967
56.253086
55.14009
53.81975
54.607918
52.92375
54.125004
55.066334
54.721504
53.819336
54.514336
55.79192
55.52784
54.65675
55.52567
53.921917
54.434166
55.02609
54.339836
55.200916
54.90767
55.13975
54.22242
54.674004
54.04658
55.320164
55.105083
53.922417
54.98467
55.208256
54.327335
56.061913
55.320255
54.601337
54.2705
54.65
55.356335
56.177174
54.76767
56.41875
54.251587
54.171
55.545254
56.509583
54.35067
57.024414
54.16417
54.586082
56.068417
54.805832
54.138
56.107254
55.93608
55.404167
55.640747
55.694168
54.30909
55.189667
55.224754
55.772083
54.208084
56.86234
54.038586
56.444168
54.544422
55.556587
54.573082
55.82608
55.99284
56.441
56.343674
54.856003
54.549416
55.821087
54.66534
55.230083
55.43517
55.916004
56.42883
56.37625
54.756504
55.84125
55.704506
55.579002
55.1195
55.727585
55.941837
56.047585
55.49534
55.81375
56.191914
56.0225
55.63742
56.706665
55.06158
56.97341
55.893166
56.177753
54.600918
55.64359
56.391666
57.365417
55.625587
56.039337
55.392918
56.652332
55.980663
56.748
55.813587
56.66608
55.606834
56.361164
56.64517
56.55967
56.191418
56.429752
56.593998
55.675755
56.993
56.320168
57.120586
55.659924
56.105415
56.658257
54.43034
56.092415
57.965664
56.413254
56.792667
56.07642
55.790756
56.558254
56.98084
56.378254
55.559338
56.860584
56.01192
56.679585
55.742004
55.342587
56.761257
57.491913
56.43625
56.425747
56.683002
56.545586
55.908333
57.01992
57.26108
55.76267
55.88109
55.760586
56.36392
57.643665
57.58125
55.709507
57.051914
57.13925
56.93692
57.650833
55.785168
55.93176
56.979088
56.850586
56.431496
56.32142
56.853085
57.09634
55.59117
56.38225
56.346836
56.582336
57.462254
57.682175
56.347
56.726173
57.450584
56.68292
56.727253
58.1075
56.02975
57.079666
56.280087
56.211666
57.63225
57.267082
57.668503
56.665585
57.54975
57.63942
56.264503
57.835835
58.29642
57.520924
56.499336
57.94875
58.82009
58.32034
57.11625
58.597664
57.883087
58.289165
57.210503
56.143253
58.67284
58.100918
57.06459
58.47109
56.133255
57.61784
57.89159
57.528255
57.48267
58.070168
58.300755
57.525585
58.4635
57.605167
59.501915
58.233086
56.566498
58.484253
58.05925
58.511086
59.5955
58.8475
57.711998
58.43667
57.589504
58.691418
56.483418
59.813087
58.28792
58.79492
59.130585
57.94375
58.458996
58.390503
59.486668
60.094414
58.663162
60.44475
58.44534
59.455418
60.574165
58.465084
58.15275
59.128002
59.97375
60.150337
58.856335
59.326668
57.610664
58.04517
57.589752
59.193
59.866753
57.32842
59.263504
57.87675
59.215084
58.05942
58.995663
58.296505
59.048332
57.64492
59.543835
59.706753
58.082085
59.816837
59.891834
59.59292
59.67533
60.97025
59.84575
58.37642
59.378334
60.666668
59.416164
59.75092
61.15159
59.233
60.586914
61.076336
59.650085
59.479584
60.383255
60.96783
61.037083
61.613503
60.233418
59.447166
60.36225
60.549088
59.24892
60.255924
59.978836
60.4005
61.04717
61.373085
60.374836
61.96233
59.228672
62.256752
59.837837
61.03642
61.706497
62.230587
61.73725
61.338333
62.274914
60.59784
62.43759
60.42717
62.190495
62.069252
61.952915
61.995083
61.202915
62.0525
63.41092
61.77267
60.988834
62.24967
63.02367
62.176834
62.731003
63.21034
64.726585
64.40667
63.53583
62.98875
61.687424
62.27142
62.37017
62.000496
62.663086
63.171333
63.428997
64.25325
64.48475
63.242085
62.743
63.3605
63.276752
62.576668
65.38325
64.876175
64.71984
63.091587
64.7925
63.58466
64.01059
63.726334
64.36225
64.63292
64.85233
63.974167
64.936
64.856
63.513
64.77125
66.10883
64.60567
67.00425
64.74792
65.754166
64.51841
64.25058
66.18475
66.16966
66.28067
66.13958
66.18092
65.745
67.646
66.29259
67.86675
66.25475
67.55191
67.10975
66.458496
67.86508
68.00858
68.2675
67.629166
67.517914
65.8785
68.70392
68.59842
67.68384
67.94125
68.1825
70.18825
68.15542
68.1865
68.21867
68.48125
68.052
69.226166
69.90642
69.035995
68.86042
69.47633
68.82667
67.85675
69.17208
70.025505
69.87975
69.97975
69.86
70.52541
70.58809
71.581665
70.47991
71.056335
69.3485
70.09941
70.6505
70.23258
69.981834
71.773994
72.585335
72.18809
71.78134
70.63475
71.2685
72.77725
71.31108
72.289505
71.84608
73.07217
70.335335
71.842834
73.317245
73.655334
72.66701
72.19017
72.476746
74.53676
72.49517
72.5555
73.690414
73.18841
74.46083
74.50958
74.56967
75.06333
74.779
74.86042
74.56733
74.07433
75.79733
76.613335
75.3815
76.75675
76.65691
76.787
75.78651
74.65784
77.95375
77.71342
77.60876
76.79441
77.94617
78.19025
76.55258
77.42284
78.951836
78.451836
76.18283
79.18858
78.38617
81.9405
80.300415
78.55233
80.45583
79.00508
81.82883
82.07491
80.791664
80.73925
81.484924
81.21266
81.38317
81.34391
81.64525
80.64833
82.12583
81.98434
80.635414
82.9675
83.31975
82.89242
81.284164
83.4495
82.47459
83.71941
82.98174
84.09533
85.1695
86.015755
83.836174
84.38434
85.41892
86.26008
85.77075
85.12133
85.33358
84.83059
87.075165
86.7235
86.19258
86.98775
86.96424
88.423164
87.68566
86.90275
87.230415
86.88008
88.091995
87.085495
88.93242
88.712585
89.646416
88.391914
90.47308
89.48292
87.34733
90.73858
89.63917
88.863495
90.02075
89.29258
89.85775
90.09575
90.70192
89.743
91.84058
90.024086
90.92367
91.52866
92.12759
92.13017
91.265
91.07816
93.15691
90.860664
91.71674
91.56084
94.00284
93.63525
92.20909
92.4475
92.36534
93.93792
93.00117
93.25
93.68358
95.09475
95.42434
94.42116
94.722
95.04017
95.295166
94.006004
95.64591
96.224335
93.209
94.123245
98.47708
96.115
96.92949
96.2475
96.644745
97.2065
95.513916
95.963
97.728584
98.729
97.54767
98.102165
97.40083
98.33358
97.80017
98.58292
98.115166
99.33
97.19884
99.586334
99.888245
99.43284
99.02091
98.58316
99.9795
99.32466
98.7725
98.97459
99.088165
100.3465
100.79217
99.87292
97.977005
101.02391
101.46108
100.677826
101.99816
100.17934
101.29408
101.36033
102.2275
102.24358
101.343414
102.23158
102.45175
102.01659
102.81792
102.698166
104.348335
102.080246
102.08884
103.670334
103.998665
103.23025
103.5025
103.869415
102.37299
102.102
105.52309
105.00667
105.18659
106.1875
102.93375
106.25492
105.27192
104.304
105.7925
106.15691
105.25584
105.08616
106.125496
106.4925
105.0125
105.81049
107.09175
106.407745
107.093
104.30091
106.329575
105.943504
107.01492
108.05858
106.538826
108.535576
106.07433
109.52733
106.67808
106.7105
108.44583
107.88592
109.2645
109.03792
108.181496
110.58708
107.56483
108.5675
108.71375
109.67667
109.14833
108.76858
108.61483
111.26826
109.352165
108.91782
111.20349
110.069664
111.10608
108.85267
108.6995
110.48826
110.53549
109.734505
111.44142
109.075165
110.55334
111.49484
111.64167
111.306175
110.48557
112.09016
112.18108
112.40942
111.02483
113.33358
111.54349
111.445496
112.0955
111.97784
114.48125
113.18008
113.46276
112.25809
112.14807
112.26025
112.81242
113.98117
112.69258
113.89109
112.731834
114.08
112.779
114.46642
113.833984
113.46175
113.06191
113.68225
113.89776
113.94566
114.39917
115.534164
115.03074
114.39974
114.917915
114.70383
115.198906
116.39883
116.17125
117.075
116.569244
117.60483
116.52434
114.96716
115.283905
115.570335
117.05633
114.68474
115.46792
115.64133
116.90466
115.90225
117.535835
117.236916
117.060326
116.458084
117.45333
116.85833
116.38725
116.87299
117.807175
118.223595
117.85576
117.30799
117.46149
120.027824
118.12909
118.325676
117.67357
118.80708
118.428986
117.994675
118.1575
118.628334
117.99617
119.14309
118.546745
119.39767
118.5925
118.04634
118.249245
118.459335
120.39709
120.15699
121.03042
119.58091
119.251915
119.73284
119.03483
119.61792
120.47041
122.03326
120.69742
121.30141
120.969505
119.40267
120.03083
121.60858
119.24692
122.037
121.615585
120.16724
120.520836
119.55058
121.855415
121.36691
121.88042
121.08667
122.669075
121.767426
122.60858
123.64083
124.09474
119.70075
122.0725
122.017654
123.82934
122.590836
122.69141
122.12017
123.28825
123.489845
123.35934
123.27733
121.15424
122.10901
123.63692
124.56443
122.82525
123.37808
122.857666
123.29224
125.21151
125.34875
123.30784
122.27983
123.77625
123.47599
124.578514
123.99834
123.690834
124.53901
124.345245
126.13042
124.06167
123.29159
124.57659
122.91324
124.865585
125.25951
124.38167
126.28133
125.019585
126.030075
125.14833
125.88008
125.06258
126.23049
126.30049
123.9445
124.912575
127.41775
125.249664
124.63349
126.68516
125.39716
127.06532
126.41701
126.51517
127.53833
125.67974
126.25651
126.05183
126.56375
126.53193
126.93767
126.48591
126.33192
125.78224
128.725
128.00575
128.0084
127.33358
127.070915
126.90258
126.43916
128.24
127.24991
128.10516
127.70375
127.21958
125.836174
128.04341
127.97199
127.49934
127.03816
126.070335
126.35466
128.57083
127.31784
128.47182
129.14217
127.507576
128.96375
129.25833
127.60149
128.67657
129.07034
128.09276
128.05508
128.82375
127.455
131.60951
128.87141
128.70534
128.45743
129.10757
129.07692
130.17474
129.02951
130.02676
128.27432
128.644
129.2645
129.87717
129.74126
130.58058
130.045
129.49075
129.87425
128.32784
130.3089
127.54625
130.228
129.87642
130.56508
129.1289
128.12724
130.4584
129.58017
129.70592
130.41441
130.16074
129.81026
128.6615
130.78
130.02708
130.61241
128.89325
130.87508
131.48216
131.99875
130.31375
129.23283
130.82883
130.8651
131.45067
131.817
130.1165
130.858
130.64809
130.61609
131.39651
132.54674
132.76765
130.97942
131.08325
129.76532
130.77083
131.33034
133.33224
130.29584
130.62892
132.24933
131.9655
131.933
131.1825
132.00542
130.7661
131.9155
131.40141
132.65367
131.34691
132.78908
130.77866
131.36684
131.56299
132.29791
132.68933
133.10284
133.05542
131.41692
131.06967
131.8366
132.56917
132.02182
132.91615
132.41682
131.94934
132.34808
131.171
132.21808
131.21375
132.12099
132.98633
131.5495
132.64984
134.16
130.63591
133.27126
133.23683
131.18375
132.11723
132.44882
133.49309
133.72092
132.88718
132.11884
134.95982
134.15326
133.20683
132.40633
132.27118
133.57484
134.12392
132.69208
133.75508
134.97226
132.29858
132.28693
132.85417
135.40875
133.36942
134.124
134.72641
133.22527
135.05943
132.95192
133.52217
135.41191
133.69142
134.07841
133.70534
134.32475
132.47424
132.50542
134.8086
134.0585
132.755
134.29184
133.37784
133.89041
133.42116
135.37659
135.05617
133.79425
135.95917
134.13567
134.63058
132.74083
134.79541
134.72626
133.25325
133.7085
135.39476
134.34007
133.82933
133.50848
134.53159
135.6819
136.37717
135.0825
133.6634
136.59433
136.32709
133.84401
133.68993
133.53932
134.88383
135.443
132.82216
136.55983
135.50883
134.01057
133.64084
135.0095
135.67667
135.24374
136.66183
134.24417
133.7265
135.74667
132.25601
134.30992
134.67542
134.49567
135.85875
136.21141
136.33318
136.30974
135.53442
135.29
135.66057
134.69267
131.75768
135.665
136.76357
134.976
135.54774
135.52568
136.59416
135.06166
136.89476
134.19466
135.56183
135.14833
134.78242
135.17683
135.6935
136.0315
135.94275
136.11275
134.44675
136.81241
134.96068
135.8144
136.24599
134.92775
136.64633
135.91492
134.346
135.16049
135.26358
135.45125
136.34367
136.66568
139.01825
136.48392
136.31299
136.51375
136.348
136.16473
135.96375
134.847
136.263
135.94534
136.51492
136.48125
135.22777
137.2141
136.3464
136.72816
135.262
136.53067
135.8
136.68134
135.23193
135.99658
136.41402
136.58142
136.85284
136.59799
137.41383
137.16443
136.27892
135.78534
138.28725
135.76425
136.801
136.80215
136.13284
134.38268
136.749
137.51633
137.45258
136.83807
136.78358
136.04842
136.50174
137.585
136.73141
135.7125
138.95334
138.08784
136.79916
136.93526
136.82883
138.08409
136.99916
134.24951
137.55066
135.96684
137.09917
137.54666
137.31966
137.8524
136.95508
137.15009
135.93425
136.41841
137.7515
137.9295
136.00075
137.52083
136.84692
136.76884
137.84
135.97841
137.48924
137.30025
137.66833
136.382
138.037
137.67026
138.63701
136.91959
137.49008
137.0874
137.59892
137.58243
136.46742
136.83417
137.53209
136.89902
137.28441
136.81476
137.51735
139.6225
137.45084
139.28741
136.36684
139.02325
136.23515
137.5815
137.63841
136.45592
136.95258
137.08424
136.82143
137.13208
137.07042
137.50684
137.18533
138.50775
137.83607
136.25424
137.18625
137.18692
138.70326
137.46959
138.18993
137.34084
138.55708
138.50342
136.53474
137.18976
137.85524
137.50465
137.8041
138.41757
138.65726
138.12242
137.2705
137.53975
137.43683
138.54
136.46916
137.28342
138.83092
137.90224
138.31859
138.6735
137.318
137.90334
138.42015
137.87242
137.55325
137.62242
138.96974
137.31917
136.9875
138.22299
137.40407
137.64818
137.73508
137.38683
137.63867
138.41833
138.88766
137.6545
138.35425
137.61732
138.07474
138.40532
139.07057
138.13634
137.15475
138.641
137.99017
140.10542
138.8066
139.79266
138.70592
138.13809
137.70274
137.82341
137.80266
138.13658
137.60701
138.34108
137.87584
137.34117
138.72226
138.19217
138.44118
136.25342
139.10959
138.90508
138.53893
138.80591
138.63667
137.77118
138.55074
137.40758
136.81966
138.6745
137.92084
139.39067
138.6555
138.141
138.72359
139.15791
138.72208
138.1081
138.739
140.62575
138.58975
138.17583
138.86874
138.04158
138.36833
137.39209
138.67184
137.22226
139.30617
137.27023
138.49199
137.81966
139.67424
137.10333
139.4035
138.78809
137.84033
138.82167
139.2725
138.95917
139.16959
139.12192
138.7525
139.4064
138.455
138.60667
139.48892
138.43991
138.122
137.68916
138.53983
139.05598
138.08725
138.1061
138.07285
138.03659
137.25867
138.62483
139.7095
139.47443
139.1425
137.3959
139.34084
140.34201
137.87532
138.3855
139.35709
138.00449
140.07208
138.87477
138.79117
137.09291
138.72443
139.57649
139.44516
138.15617
140.0255
138.975
139.61443
139.62816
139.40909
138.77776
138.77318
139.31
139.64241
138.1395
140.16083
139.60767
139.40985
138.34132
138.27667
138.82857
138.405
138.26108
138.70467
138.40825
139.10834
139.13858
139.02667
139.84216
138.40524
139.32307
137.80458
138.30682
138.67308
138.22491
137.8236
139.60576
139.93883
139.89224
139.54333
139.08617
139.69458
139.3255
139.37825
139.8425
139.75557
139.142
137.80983
138.3099
140.52774
140.01625
137.94067
138.82599
138.70775
138.78825
139.29132
139.191
139.39392
139.20825
139.47475
139.34492
139.26266
138.32515
139.55559
138.64265
138.92725
139.11333
139.72792
140.71432
138.62718
139.15683
139.62265
140.62958
139.65735
140.02676
139.78842
139.84334
140.30817
139.63808
139.69217
137.67183
139.12132
138.22243
139.05658
139.4095
140.50943
139.50307
140.09258
138.47525
139.91241
140.90967
139.77959
140.24348
138.27617
139.74583
139.95892
139.08925
138.26201
140.41057
140.04733
139.1425
141.21292
139.3775
140.71098
139.4616
139.02275
138.65993
141.81291
138.6115
139.05833
138.82758
138.79115
139.907
140.09125
139.31084
138.47299
140.21466
139.67859
139.91417
139.36316
140.2275
140.35774
140.39874
138.89417
139.84743
140.51283
139.95758
140.9945
139.24675
140.0984
140.26183
139.14041
139.44849
140.32507
140.411
138.95825
140.04692
140.24374
140.2076
139.61133
141.13234
140.39508
139.27625
139.97856
140.61101
140.22867
139.4905
140.71584
139.46033
140.16307
138.67458
139.7449
140.04475
140.2975
140.24432
140.78084
138.24384
139.77568
140.09724
139.34525
139.99258
140.84401
139.87851
139.92775
140.37541
138.47966
140.8289
140.08841
139.67517
140.61217
142.165
140.41142
140.646
139.21124
140.07974
139.44473
140.29466
140.29735
139.19225
139.57616
140.27367
140.13159
140.44325
139.98383
139.08224
139.66217
138.93033
139.79558
140.51434
140.596
140.34476
139.80899
140.89784
138.98242
141.23116
139.75833
139.83057
140.2109
140.18257
139.87659
140.7765
140.04242
140.39667
142.49384
141.86398
140.46841
138.05908
141.31216
141.54701
141.59657
140.82841
141.46765
139.01201
140.94641
140.9759
139.22617
140.8455
141.68292
139.59459
140.52975
139.94492
141.82533
140.15834
140.432
141.11526
139.51099
140.70966
140.34724
139.0639
141.43341
140.74825
140.93066
139.68167
141.2775
139.98433
139.83217
140.76459
141.71152
140.31409
140.28008
140.61333
140.39775
141.56274
141.23358
139.42975
140.7495
140.29634
140.08017
140.59717
140.0605
139.49242
140.34956
141.36266
140.01175
139.6765
141.18192
140.94508
142.27966
141.51042
138.2124
140.6305
138.34166
140.66083
140.41566
140.54633
140.36258
140.7295
141.5464
143.39807
140.99591
142.38167
141.3955
138.59625
140.37933
141.68216
140.994
139.95201
142.09325
140.795
141.03133
140.245
141.34741
140.31142
140.84758
140.05933
140.30925
141.24933
142.43507
140.44817
141.11226
141.63184
142.24826
139.9135
140.92816
140.83234
140.29782
140.45
140.42892
141.32884
141.38348
140.0834
139.1495
139.81859
141.01375
138.84909
141.14758
140.36508
141.61432
139.88232
140.94598
140.21477
140.352
139.72992
141.552
141.36626
140.11716
141.64684
142.26425
141.11351
141.4665
138.83109
141.28067
139.49791
140.7625
140.88216
142.2325
139.89616
140.06618
140.66466
139.57773
140.66174
140.7786
139.76358
140.84691
142.03308
140.76549
140.97891
140.98091
139.66882
141.47691
140.89867
140.48442
141.94908
142.04709
140.57959
141.868
140.28008
141.60158
140.49318
142.01059
141.3659
140.79916
140.69643
141.49992
141.27992
140.72792
141.06476
140.32834
140.79532
140.478
141.13126
140.69598
141.13142
140.198
140.56201
140.76382
141.87866
141.99716
141.39523
140.60068
140.51357
141.39883
140.4295
141.8494
140.61407
140.5984
140.14848
140.02766
141.48291
141.32692
140.81476
140.26567
142.08516
139.97824
141.6305
141.04575
140.69925
141.22684
141.067
138.86
141.39618
142.11568
139.90808
140.11534
141.57985
142.61351
141.7325
141.31015
142.61884
140.26833
141.68399
139.91591
140.88542
140.529
139.8625
140.65192
141.91309
141.42917
141.01343
141.31516
141.652
140.95091
142.72075
141.61783
140.41542
141.41109
141.74725
139.83057
140.72917
142.14609
141.83
140.58116
141.17932
141.01283
143.16667
141.01567
140.44576
138.98123
141.10066
143.34892
140.91432
140.26666
142.89674
140.68134
140.59984
141.08041
141.96141
141.33398
142.2836
141.91624
142.09808
140.28476
140.64818
141.25049
141.05234
141.90324
141.90042
141.735
142.36633
142.42091
140.73508
141.24925
141.3639
142.24858
141.07692
140.28017
141.96516
140.68483
141.94966
141.86824
142.51799
141.75308
140.833
142.61407
141.63441
140.68175
140.79784
141.18726
142.06508
141.05
142.76958
142.29941
140.71266
142.67017
140.58417
139.91318
140.51349
141.86642
141.4165
141.76509
141.63432
142.181
140.21425
140.38625
141.35507
140.99974
140.81609
142.33325
141.10199
140.58234
142.06758
141.9981
141.71675
140.9625
141.03618
141.96774
142.51451
142.40125
142.08075
140.95316
142.78375
141.9324
141.94974
140.8144
141.89966
143.26683
142.28375
142.21967
140.26485
140.21524
140.11642
142.08607
141.15134
141.51709
140.6516
142.74641
141.73451
141.96709
142.99959
140.98451
140.6986
141.08383
141.72307
142.01666
141.50291
141.46767
140.95015
142.453
143.76967
140.84776
142.50034
140.99767
143.52016
141.26958
142.56891
141.86542
142.50041
142.08333
141.78351
142.76758
141.25034
143.68733
141.73067
142.05682
141.017
141.48091
141.0025
141.95007
142.98149
141.60075
141.48515
142.24615
140.33125
141.53432
140.7675
143.73935
141.20409
142.04733
142.72008
141.12984
142.18584
141.6516
142.36708
140.74733
141.68275
143.50174
141.6675
142.26566
141.51608
140.38567
142.35425
141.55
140.81616
142.25117
140.87233
142.15117
140.7835
141.36716
142.06592
141.86723
141.85307
141.80075
142.36566
141.08525
141.98625
143.63258
141.73183
142.31958
141.10326
142.02466
142.45242
140.05199
141.30266
141.65042
141.2805
142.35216
142.58484
141.81909
141.95226
142.04816
141.88374
143.58176
143.02216
142.33409
141.65224
142.31583
142.9155
142.0525
140.79933
140.78424
141.1166
141.30167
142.1495
142.23483
142.18909
141.46317
140.68216
141.61807
141.75099
142.50133
142.15
142.65533
143.69008
142.50616
141.218
142.38716
142.8366
142.38393
141.41525
142.51924
142.11807
142.24977
141.86607
140.83441
140.73149
141.786
141.81633
142.43427
141.16331
142.76558
141.28166
141.54985
141.09868
143.63649
142.16826
142.12242
143.11816
141.61874
142.53667
142.7331
142.80484
142.76683
141.40343
142.75417
142.40459
143.80275
143.04758
141.06674
141.26633
140.43524
142.22125
141.69891
141.96841
143.39015
141.43333
141.80208
143.36691
143.13567
141.968
142.85083
143.23892
141.88383
141.05
142.65233
141.81566
143.28224
143.11833
142.87149
142.08041
141.86566
142.8005
141.73558
141.61658
140.54808
142.97049
142.38133
142.32042
142.52141
141.8015
140.686
141.61449
141.90216
143.185
141.817
142.73782
141.48383
142.76567
140.99892
142.77016
142.13367
140.69733
142.20575
141.48616
142.40141
141.353
140.98367
141.138
142.77074
142.2525
142.25226
142.53549
142.93382
141.50475
141.08733
142.36974
142.084
141.64734
141.73534
141.68692
142.6999
141.78375
142.28716
142.77142
143.7005
142.78485
141.90341
142.18616
141.39784
141.73825
142.6005
141.612
142.57242
142.55225
141.784
141.737
142.00291
142.51907
141.40125
142.38583
142.88959
142.13284
142.97166
143.07076
142.43842
142.4539
142.28534
140.84932
143.30516
142.74826
143.11417
142.20166
141.18283
141.98416
141.06883
141.83665
142.59943
142.01659
141.30215
143.68642
141.70259
141.59932
142.93349
141.11818
141.35133
142.07326
143.10524
142.38733
142.58841
141.00058
141.91757
142.90326
142.33408
142.83508
142.97092
142.41841
143.08675
142.024
143.84892
141.43451
141.734
141.15375
141.13733
141.2495
142.35208
142.05333
140.10185
142.18666
142.60233
143.10333
142.5391
141.7014
142.57224
141.98334
141.7195
142.19867
142.68098
142.55475
143.18375
141.61517
143.31409
142.71883
142.45424
143.50233
142.05318
142.08624
143.88516
143.10184
141.55017
141.64816
141.18716
142.39783
141.984
140.72058
140.9675
141.48132
139.9205
143.60358
142.36858
141.602
141.48242
143.73549
142.3524
142.14983
142.2025
143.11732
141.8184
142.54068
143.21684
142.13892
142.70299
142.53233
142.15508
140.86917
142.87091
141.63576
142.30032
142.86874
143.08775
141.56958
142.13976
142.40324
140.45026
141.15216
142.65443
142.65216
142.68192
142.07307
143.57124
142.0201
141.28717
141.29909
143.68599
143.47208
144.03725
141.97125
141.18507
142.85068
140.98016
142.11925
143.77283
142.93709
141.93459
143.27066
141.55182
141.80675
142.05258
143.88591
142.0859
141.55142
141.24825
142.48416
142.83766
142.93767
141.45467
140.7364
141.21675
142.49966
142.25049
142.26924
142.31833
143.10182
142.98833
142.35632
142.68576
143.55241
143.30267
142.15392
141.5695
144.2535
143.65541
142.10175
142.5705
142.45235
142.34033
142.27216
142.70667
140.83981
141.3295
141.6995
143.88425
142.26817
143.12042
142.10175
141.43858
141.85318
140.8825
142.47243
141.404
142.85507
143.01726
141.25024
141.57008
142.77057
142.93867
143.45717
142.85434
142.11758
142.22192
142.45068
141.83475
144.36925
141.18417
141.56659
142.29909
143.15367
142.38675
141.81766
141.65433
142.25542
141.44092
141.88458
141.63576
143.05508
142.05458
140.71632
143.01816
141.41708
142.72025
142.41992
141.8825
143.50658
142.63925
142.04018
142.25266
142.50407
142.33449
142.63742
141.95175
141.63675
142.96959
143.98875
143.03773
143.10867
142.25542
141.80225
141.605
142.19034
141.93451
143.13142
143.10675
142.28932
142.13683
142.97191
142.77193
142.48909
140.56657
143.0384
143.9665
142.60649
142.50534
141.23657
141.46983
143.93709
141.7895
142.94017
143.40392
141.90358
144.30273
143.02068
143.91925
143.26967
143.77516
141.33292
143.39008
142.5675
142.72058
141.87016
142.20541
142.98851
143.68742
143.20583
142.82199
143.92216
143.55325
141.83424
142.07109
142.08517
140.43459
143.67117
143.60391
143.53566
143.22217
143.97508
142.25333
144.32333
142.82257
142.887
141.52025
142.84326
142.9525
142.68608
141.93875
141.95508
141.25342
142.43633
142.18724
142.68791
142.13432
143.62425
142.33583
140.95184
142.65416
143.20424
142.12183
142.65683
141.61983
142.05174
142.47292
143.58875
144.80724
141.8405
142.62276
143.02225
142.48618
144.5495
141.33066
142.0036
143.18425
143.24167
141.104
141.8365
142.83759
142.88951
143.22075
143.5394
141.40576
141.68683
142.30516
143.20233
142.61958
142.78557
142.48859
144.42166
143.4865
142.85599
144.05284
142.338
142.00626
143.37341
143.28725
142.87108
143.918
142.9035
142.31982
142.73851
142.9715
144.80682
142.75375
142.83716
143.41899
144.55284
142.41757
143.00475
142.974
144.19133
142.35098
143.67299
142.80583
142.60559
144.38708
141.68459
143.62068
143.18834
143.08899
143.08966
142.27277
144.2409
143.00383
144.37717
142.10701
142.92508
142.76875
142.8581
143.22041
143.90599
142.55284
142.8025
143.28659
144.492
142.06876
143.05383
142.65125
142.58559
143.84132
142.5391
142.635
142.87216
142.38875
143.75299
143.10117
141.70308
141.75633
144.87
142.907
142.23807
141.92
144.53683
143.88568
143.5415
143.54326
142.90466
142.58934
142.769
143.40532
142.35675
143.21916
142.95299
141.73424
142.9075
141.43933
142.23984
142.49057
144.02591
141.72224
143.37076
142.9045
144.57167
143.02557
142.38899
143.53625
143.06891
142.77434
143.21976
144.68716
143.4711
141.17015
143.3541
142.33734
142.05716
143.73814
142.68701
142.73433
143.7215
143.75568
144.05775
143.35591
143.40407
143.40474
143.92325
142.95883
144.39058
142.80392
143.75517
142.56982
143.17015
142.61867
143.14099
143.58917
143.55432
144.70648
145.0059
142.771
140.90099
142.80359
142.76976
142.07193
142.33951
141.87033
142.88875
143.72316
144.15834
140.96733
143.33516
144.45633
142.33801
143.20201
142.73317
142.20317
143.76791
143.08833
141.42334
143.1855
142.33492
143.43591
142.85466
141.12334
143.61992
143.1389
142.92033
144.25848
144.25758
142.47408
144.25633
141.78883
143.40523
144.28792
143.10358
143.82275
143.9594
142.45416
143.00575
142.5365
142.86874
143.25883
142.80376
142.76976
141.58849
142.70317
143.70549
143.97299
142.45583
142.2189
143.53876
142.98724
144.25742
143.22284
144.75693
142.48833
142.95383
144.12474
144.22125
143.4375
143.5545
143.954
142.52232
144.12083
143.08966
144.02608
142.60725
143.37283
144.32425
143.00484
143.8419
142.2234
144.37242
143.8045
141.82483
142.63608
143.72368
144.39108
143.0579
143.20299
143.7225
143.37067
144.10849
142.84007
142.37091
143.12132
142.78775
143.33943
143.05518
143.20242
141.57216
143.28665
143.05458
143.59033
143.07442
143.52109
142.44133
142.56943
143.27109
142.65575
143.00833
142.62117
143.77284
142.841
142.95308
142.27158
142.98982
143.70859
143.3895
144.625
144.58917
143.25392
142.77458
144.50699
142.80682
143.75575
142.80118
143.94292
143.72041
144.25824
144.25792
142.60382
144.3739
143.65567
142.93625
143.54076
142.92192
142.97092
143.65483
143.37326
142.39049
143.85608
143.1561
142.85333
142.28693
143.27318
143.6239
141.61992
144.73682
141.92166
141.87326
143.30275
142.8926
142.97258
143.58975
143.07108
143.02567
142.70375
143.17433
143.82559
144.10693
142.03984
143.7705
142.12224
142.65283
144.03792
143.80734
143.03966
144.27292
143.07433
142.00282
143.24034
142.20409
143.63808
143.67358
142.30467
144.4544
143.72
142.27074
142.807
141.40508
142.924
142.77617
144.00708
142.32141
143.20708
142.35732
143.37367
143.09116
142.9564
143.25784
141.75433
142.74223
143.00816
142.62317
144.09283
141.18867
143.80983
144.18993
143.25641
142.68924
143.46774
142.30417
143.20609
142.57225
142.17383
143.38765
143.72557
142.75383
143.80557
142.38841
144.17241
145.14224
143.63899
143.09291
142.96057
143.79192
142.4734
142.55383
144.13866
142.7695
144.28792
142.72234
143.43916
142.02267
142.32285
141.70291
142.84184
143.42284
143.90868
143.205
142.02126
142.65584
142.35425
142.45132
143.67659
142.72308
143.79132
143.83833
141.80667
143.44026
143.40399
142.47325
141.63692
140.88757
141.474
142.43709
142.59007
142.857
143.15816
143.84007
143.18692
142.7891
142.29083
144.2689
143.55615
143.925
144.25775
143.18924
144.02199
143.52309
143.62225
142.38858
142.62067
142.13925
143.97733
142.07417
143.83984
143.13776
142.80443
144.5535
144.4729
142.88959
142.9584
144.09308
143.2409
142.95433
143.99341
142.59
143.54117
145.69292
144.77432
144.226
142.78917
144.44008
143.4569
142.72108
143.90567
144.09283
143.79057
142.974
143.17076
143.67609
144.70682
141.90608
142.674
143.355
144.01091
143.10951
142.96143
142.62375
145.15526
142.53973
144.70117
143.7884
143.75775
142.67299
142.85425
142.95758
144.773
143.11992
144.8255
144.12433
143.5716
142.09233
141.72208
143.27374
143.60765
142.52292
142.87416
143.07515
143.34007
143.37476
143.8391
143.76984
143.19133
143.8925
143.444
142.35916
142.62383
144.93967
144.38982
142.68683
144.59
144.10701
142.4225
145.18993
143.82108
144.02516
143.97125
144.83774
145.07524
145.17633
142.09142
144.02374
143.12407
143.54008
143.42299
141.12091
142.7039
143.70375
142.6041
143.67265
142.85742
142.40617
144.67284
145.12575
144.358
141.9225
142.68758
143.84183
144.97243
143.22667
142.17583
143.1729
141.82
142.3885
144.15767
143.35408
144.62132
143.95807
144.19533
143.72607
142.98659
143.35417
143.78934
142.2705
144.60608
144.1106
144.39183
144.55766
143.48958
142.88875
143.2239
141.65274
143.35841
144.65541
142.64067
142.69016
143.7569
143.42291
143.80934
143.44118
143.0565
144.19215
144.84442
144.00441
142.87367
143.50475
141.91833
143.02425
143.67142
144.24342
142.47299
143.13725
142.82375
144.0935
146.14633
143.12515
143.67242
144.12115
143.85976
144.20766
144.90982
142.44157
143.092
143.44016
143.4389
144.45825
142.84175
144.24232
144.92416
143.84192
143.70485
144.375
142.6455
144.20474
142.75616
142.72559
144.30557
143.83882
142.25708
143.12117
143.64133
142.59409
143.09175
143.03917
143.7065
144.1609
144.67583
142.84209
143.5045
143.78932
143.65459
142.70291
143.94083
142.52066
143.388
142.93933
142.60367
142.58792
143.80867
145.22958
142.82382
143.44092
142.75723
143.39024
143.00865
144.09084
143.92342
142.95784
143.73799
143.07382
144.07399
142.97282
144.02591
142.79341
145.03883
145.06
144.29326
145.14357
143.27667
143.82492
142.70792
143.74348
144.708
143.6565
143.63951
143.4235
143.63899
143.8045
143.15399
144.30841
144.19766
143.2734
144.51308
143.39008
142.97517
144.77357
143.19191
144.70691
144.61058
143.7385
142.52434
143.25891
143.87515
143.35834
143.72392
143.2584
145.17491
143.471
143.24026
143.92334
143.005
144.13884
144.69174
144.77667
144.17201
144.77133
143.11299
143.23524
143.34076
145.35725
143.42067
144.357
143.74234
144.50659
143.79283
144.84065
143.71175
144.32658
143.73949
143.12483
143.72142
143.60992
141.97516
143.741
143.14058
143.65851
144.42674
143.84367
144.40608
143.82373
145.12459
142.95616
143.55641
142.55466
144.04433
144.81334
142.94473
143.58951
143.50693
144.22466
143.30725
142.35391
144.43916
143.35791
144.26016
144.37842
143.88985
143.78891
143.24184
144.29242
145.03133
143.742
143.88258
143.8575
143.9075
143.20909
144.42674
141.65784
144.40625
144.29617
144.642
141.97307
144.09091
142.47058
143.35933
143.74075
142.3405
144.17508
144.12433
143.0091
143.79057
144.77641
143.43983
143.34492
142.6739
143.375
146.03992
143.7915
143.57458
142.80925
142.8391
143.37717
143.72458
143.53973
143.875
143.72409
144.37508
143.37158
144.52583
143.35442
145.05891
144.05858
142.9915
144.60692
143.53917
145.1934
142.5709
144.30482
144.49152
143.17308
142.99174
144.89125
143.61258
144.65842
142.17517
143.77473
144.6214
143.63716
143.05525
144.10559
145.29466
143.273
143.72482
142.94049
144.70708
143.191
144.15617
143.45743
143.22458
143.41216
144.02425
144.48892
143.52892
143.27617
144.97375
144.80981
144.62932
144.34007
142.638
144.21326
144.27882
143.40326
142.7044
143.54109
143.32475
143.82417
143.02208
143.34433
143.49333
143.35765
143.80992
143.79192
143.8414
144.2891
143.20566
142.29175
145.50534
144.10599
143.89125
143.95924
143.40851
144.24191
143.42334
145.06166
143.07515
142.99174
143.22275
143.02126
144.32399
143.60776
144.105
143.23825
145.73965
144.12782
144.20773
144.28967
144.3255
143.19324
144.339
144.26033
143.57507
142.95708
144.50758
142.98932
143.13992
143.04175
142.44475
143.4711
143.21367
144.2935
143.81125
144.2916
144.59334
141.6695
143.05641
145.7259
143.45708
144.34334
144.32617
142.63826
144.14117
143.24042
143.87425
143.91049
143.46016
143.25833
144.30981
145.29025
144.205
143.34483
143.76025
142.6435
144.08943
143.57507
143.8395
142.67233
141.79274
144.30624
143.92542
142.80992
142.7905
143.39049
143.29066
144.21075
144.14108
143.55757
143.74358
142.10991
143.80792
145.87474
143.39183
144.67392
143.50684
143.79108
142.85724
144.39142
144.61234
144.42358
144.59508
142.52393
143.44026
144.043
143.99417
143.32059
144.691
143.27525
144.34233
144.02567
144.11108
142.24075
143.29018
143.67342
144.09
143.19333
143.13959
143.38716
145.11066
143.60976
144.22575
143.63934
143.10774
144.68932
144.77757
144.76007
144.20825
143.35742
143.99126
144.02907
145.74092
143.49466
142.82666
144.4245
145.29059
144.59282
142.99133
143.71083
144.27817
143.0569
141.226
144.2939
143.28941
143.1784
144.02576
144.12549
144.84273
144.78934
144.27516
142.05899
144.275
144.02808
143.743
142.77357
142.31274
142.46117
144.54192
143.50708
143.87799
145.34575
143.30975
144.36024
144.66066
144.94057
143.37468
143.12375
143.52417
143.44441
145.2605
144.14333
143.15567
145.16026
144.05785
142.22307
145.81033
143.0914
142.92982
143.89474
144.41417
143.12492
142.8595
143.85516
144.06157
142.99
143.40875
143.557
144.04141
144.37242
143.12216
142.80742
144.02484
144.62401
143.94057
145.34525
143.46057
143.26091
144.87209
144.69025
145.29541
144.42566
144.04224
143.70807
143.57632
144.99141
143.82425
143.3911
144.64291
143.27641
144.15941
144.52667
144.46025
143.34192
142.69142
144.4435
144.34149
145.55917
143.77516
144.47633
143.87883
144.61282
143.44417
144.51125
143.25732
144.89091
143.23949
144.95917
145.677
144.99042
143.97432
143.79242
144.49557
143.9435
144.8295
142.96024
144.57507
143.32433
143.72652
144.47466
142.65775
143.16348
143.02483
145.86383
145.109
144.44333
142.62326
144.942
142.70784
143.05417
143.89291
143.54109
142.62692
143.70717
144.325
142.97667
142.36032
144.24126
142.30785
144.3424
145.87608
145.0289
144.59142
144.94191
142.93924
144.17783
144.41199
143.22833
144.12808
143.82625
144.97777
144.1081
144.23924
142.35616
143.99057
145.24232
143.9759
142.63591
144.2765
143.57716
141.99066
144.79149
143.33943
144.2925
144.65742
143.02817
143.99367
143.67708
144.61118
144.60684
143.42992
144.89325
144.60924
143.56015
143.72568
144.52475
143.859
143.62592
143.92566
145.47766
143.52757
143.25992
144.66133
144.07559
142.24167
144.24042
145.0875
144.40924
143.54318
143.99025
144.05441
144.32474
143.2265
145.36008
143.43909
143.69066
143.12349
142.97484
144.50874
144.14151
144.40625
143.79167
143.77307
145.20932
143.47308
144.81258
142.67166
144.09149
142.92424
144.82492
144.00874
144.64325
142.7734
143.27383
143.8945
144.52542
145.08942
143.86208
143.30441
142.9086
141.89392
144.89157
144.609
144.44583
143.70876
144.96307
144.09274
144.32683
144.45691
142.37358
143.55809
143.73859
144.16066
143.90791
143.63066
144.07533
144.84274
144.25766
145.02716
143.81366
144.92516
144.29466
145.40767
145.16125
143.44041
144.2916
143.04367
144.49557
143.62633
143.40616
143.523
144.5859
143.22066
143.273
143.74733
144.04425
143.65834
142.44376
144.04341
144.02742
144.71158
143.40842
143.59099
144.77882
144.2915
144.30742
145.21225
143.24632
143.96158
143.8911
144.60841
144.01233
145.05882
143.72833
144.844
144.82658
145.34042
144.37466
144.4305
143.84233
142.67493
145.71083
145.093
143.974
143.99417
143.2591
143.54091
145.40617
143.2761
143.95483
144.6595
143.84258
142.8575
143.2409
142.53983
143.99034
143.77367
144.01007
143.96167
143.97626
145.42334
144.04399
144.39291
142.60608
144.02568
144.35791
144.3294
143.21042
143.90842
144.86017
143.4945
144.7275
142.32451
143.55975
143.28943
144.42609
144.14209
145.14276
144.56282
142.77682
144.35757
143.7955
144.57349
144.42526
144.111
145.26208
144.37733
144.02882
143.29257
143.75833
142.97708
142.10684
143.22583
143.9225
144.27402
142.70941
144.79642
144.35724
143.94258
144.91273
143.94484
143.14041
143.24391
144.42807
142.57133
144.92833
144.94133
144.22583
143.77742
142.705
143.71216
144.242
143.6231
145.01074
144.85951
143.0939
144.71167
143.57567
144.54008
143.16348
143.69409
144.04018
144.84142
144.9759
144.60858
143.109
144.05908
143.924
143.67574
143.77617
143.22433
143.59433
142.725
143.44267
143.99483
143.03058
144.09225
144.48958
143.957
145.50992
144.52483
141.95966
144.7285
144.94484
144.07875
143.24315
143.69292
144.2239
144.84175
143.71365
145.05466
144.71167
144.24133
144.091
145.27441
145.39558
144.34192
144.11359
144.35866
143.1905
145.07292
142.75941
142.99367
144.80383
144.72633
143.763
144.38057
143.60649
144.15985
143.64226
144.8445
143.44243
145.24492
144.54283
144.66002
143.20924
144.48099
143.62541
144.39034
143.21034
144.96057
145.064
144.59459
144.2105
144.17491
145.37883
143.09042
143.64407
144.62743
144.74391
145.04599
144.37682
143.82959
145.01035
144.4134
145.92618
143.62201
143.64034
143.59483
143.67743
143.35992
143.74516
144.243
144.37666
145.54274
144.12592
144.11182
144.97784
146.043
145.16266
144.25917
143.77641
145.52724
143.35883
144.1439
143.7749
144.96117
143.66066
144.54433
144.62758
145.56033
143.99232
144.82974
142.37592
145.14058
144.1765
143.7109
145.92899
143.49474
143.05858
144.3919
144.69391
144.72516
142.99667
144.39508
145.09358
144.66
144.52774
144.90791
145.14291
144.96034
144.50867
144.27432
143.44183
143.50975
145.87875
143.20975
144.59283
145.01057
143.59308
144.26167
143.445
143.69376
143.175
144.3611
145.61116
143.50932
143.11
144.0775
145.22768
143.97607
144.21074
144.945
143.12433
143.92975
144.91042
144.15425
144.47826
143.27692
144.05757
144.31367
143.62775
142.6935
144.07959
143.59283
143.39417
143.89366
145.69525
143.89117
143.62917
145.14565
142.52641
