45.482502
46.992752
45.010834
45.7135
44.94817
46.629005
45.232082
45.62625
45.447754
47.255005
47.38975
45.441254
46.72392
47.00067
46.778503
47.200916
47.213337
48.528088
49.01767
51.120003
50.663002
50.36992
52.069916
50.688583
50.905586
52.438587
50.844917
52.458588
53.045418
52.50409
51.98784
51.028168
52.36017
51.57125
51.36625
52.894253
52.428337
52.566086
52.066837
54.201088
52.818504
50.874924
52.81825
52.287586
51.012085
52.27892
52.899166
51.84884
53.93625
51.27034
51.05017
52.80625
53.43
52.21217
52.581337
53.866253
53.3045
53.987667
52.800503
52.97717
53.347836
53.31975
53.26617
54.576336
54.57925
53.41875
52.61925
51.60159
52.56692
52.23267
51.39409
52.56992
52.289337
52.55092
53.25692
54.77325
52.490086
53.99217
53.05375
54.791668
54.03733
54.25142
53.650337
52.720253
55.1085
54.905
53.885
55.411335
54.13484
53.064754
55.52892
54.571667
55.109505
54.154835
55.81283
54.77983
52.94267
56.839413
53.973667
55.017838
55.452003
54.762085
55.84225
54.63884
55.690662
56.553673
55.39033
54.878334
56.077423
55.945663
56.84091
56.54175
56.662746
56.460503
56.243164
55.31767
56.85909
56.025665
55.71983
57.469006
56.97517
58.59233
57.680508
59.001003
58.106342
58.316166
57.941334
58.361004
59.182583
59.222584
59.863842
58.700665
63.274498
59.80625
59.808002
61.55142
62.377415
61.76358
61.394585
62.312252
61.56508
62.33275
63.66842
63.632
63.115757
61.86175
64.06659
65.41708
62.470917
63.237583
66.49067
64.09025
65.357994
65.036
64.0645
66.93425
68.22625
68.38576
66.796005
68.23642
66.72267
67.73233
67.66017
69.32
69.53775
70.6665
68.63416
70.99567
70.76758
71.42367
71.32542
70.29475
71.559
72.16033
72.10092
71.79059
71.06233
71.77167
71.480415
73.15375
73.27559
74.83174
72.87942
73.14451
74.68108
76.22125
73.771164
75.87067
75.17608
75.48925
76.35558
77.03592
78.357086
77.50425
77.54208
78.288666
77.10492
77.75375
77.32225
76.99008
78.918335
78.23817
79.31575
81.123665
81.22375
79.65775
81.00767
81.374756
79.27049
80.508995
81.80991
80.076164
81.260414
82.67917
83.390495
81.993
82.451836
82.198
83.65342
83.72784
83.81242
86.59817
84.08408
83.13192
84.25208
83.902916
84.286
85.830246
85.45741
84.234
83.454834
85.13066
84.53517
84.21491
85.249084
85.81634
85.27783
87.30784
86.74783
86.28716
87.02492
85.728836
86.141754
86.10609
85.577415
89.10533
87.4425
87.46225
88.39491
85.16641
88.42625
87.493835
89.244
87.118004
87.20192
85.55058
87.14917
87.31634
88.983665
86.97826
86.99608
86.889336
88.343506
86.764
86.63142
89.197
88.326996
89.451164
90.197914
89.56208
89.01642
91.389084
89.889
90.729164
89.61916
89.97691
89.40283
90.90308
88.99066
90.34358
91.160835
90.059586
90.241005
90.784164
92.61542
91.43059
91.27267
90.35825
91.45825
90.164085
90.751495
91.26225
92.59434
90.52692
91.09009
91.44483
90.91591
92.03858
92.86558
92.757256
93.62508
93.50517
92.333916
95.63533
92.264496
92.90841
93.85108
94.997
92.81108
92.326004
95.15142
91.51608
93.22183
93.578415
95.132835
95.69675
95.09683
93.75375
94.023
94.483246
92.39709
94.611084
94.07691
92.918915
95.30808
94.31617
93.82908
93.56458
93.30516
93.815834
94.61408
94.05991
94.844246
93.208244
94.80392
95.020836
94.52017
95.815414
96.97308
93.32184
95.3595
96.68375
94.54134
94.97158
95.688995
94.68308
95.17458
96.0885
94.99608
96.129166
93.865
95.685
96.65159
95.55742
95.84959
95.54725
94.99549
95.09817
97.595245
96.57366
97.12025
96.25016
96.18166
95.6575
95.87283
97.42608
96.227745
98.93991
98.50242
94.50608
95.490746
97.67341
97.18508
98.64934
96.54767
97.51951
99.25242
97.31725
98.217255
98.93958
97.72199
99.09033
98.008995
97.47075
97.570335
97.24492
96.273415
96.48075
98.055
99.64575
97.95733
98.27625
98.6435
100.271576
97.86299
98.225494
99.20383
98.484665
98.3575
98.80875
97.74474
99.22424
96.443
98.68733
98.7165
97.6185
100.01025
97.98125
99.54358
100.24834
100.82566
96.90767
98.68375
99.0085
97.795166
100.93975
100.51741
99.87375
99.125336
99.42575
99.60125
100.996
100.49492
101.31042
100.45816
100.71175
99.49309
98.867256
99.32625
99.15534
99.78167
99.03483
101.3655
99.89949
99.53133
99.49516
99.73866
102.17492
101.99167
99.59267
100.61375
100.78475
101.595
100.262
100.326004
99.87559
100.59091
99.78383
100.12716
100.12225
99.60408
100.859665
100.38233
100.26625
99.69583
99.346085
101.04383
99.065834
98.699585
101.58875
99.43683
101.269585
101.73866
100.196
100.78083
100.212585
101.15392
101.43883
101.20258
100.22867
101.683334
102.695335
100.22225
101.517006
99.89108
103.27174
102.36008
101.77158
101.152
102.39375
101.34875
100.23067
101.968994
103.63084
100.967255
103.254326
100.548996
100.91158
100.52367
102.601494
102.47342
102.15317
102.201416
103.85283
101.18584
101.136
101.394
102.48458
103.623
102.66866
102.68317
103.02675
101.821335
101.52358
103.357
103.10492
102.46059
104.218506
101.93433
102.390915
102.27825
101.14983
102.79158
100.04283
103.11892
103.03117
102.74608
101.58017
102.80275
105.16775
103.87967
102.22667
102.191414
103.18466
102.61184
102.33416
102.77392
104.376915
102.84309
102.72225
105.08467
101.95458
102.45733
104.15233
100.80375
102.035576
102.45208
103.50525
102.5665
103.55391
102.00308
103.872
103.05659
102.94875
104.13816
103.86117
104.89383
102.1985
104.43934
105.225
103.63775
105.050415
102.978165
105.433174
103.15691
103.17066
103.07625
103.03491
103.09558
104.700836
102.62342
103.534
102.84608
103.21392
104.42167
104.03775
104.31359
102.23116
105.94567
103.12275
104.24775
102.426
103.505
103.02883
103.76192
104.50483
103.96525
104.49058
105.87033
104.18517
103.29475
104.1685
104.984245
105.11417
103.968666
105.1335
104.40525
103.45474
103.241325
101.905075
104.86133
105.39117
105.5225
105.32566
103.99175
102.993256
102.4515
103.29308
104.78167
103.68033
103.40892
104.3695
104.86808
104.94342
104.75483
103.43883
104.172745
102.945915
104.7175
105.55725
105.10375
104.53333
106.14025
105.81208
105.15942
103.764
102.877075
106.152756
105.49283
104.36
104.464165
105.53874
106.30808
104.86992
104.91575
102.80741
103.91359
104.37966
106.027824
105.33924
105.626495
105.27058
105.157745
103.13625
103.667915
105.09108
103.09358
105.97083
104.45959
105.338585
105.23841
104.49625
105.090256
105.51942
106.95233
105.85491
106.74491
105.02108
106.12625
105.03674
102.84575
107.51157
106.46141
105.86058
106.40375
105.30275
105.117256
106.059074
106.964165
105.287575
104.95799
105.35326
105.48025
104.59191
103.65942
106.77
105.040245
104.15317
106.1275
106.597244
107.55108
105.436745
105.564415
107.054
104.65733
107.24741
104.58725
106.378
106.98317
104.660835
105.665
106.82933
106.94724
104.79241
105.89033
107.48017
106.616165
105.37867
105.874664
105.41533
106.75608
105.77241
106.743004
107.047
105.894
106.10667
106.59233
105.76083
107.982834
105.70674
106.05684
106.59717
106.82575
106.14074
106.591156
105.576584
105.874
105.96025
107.271996
106.47608
107.66541
108.05457
107.02941
105.657
106.16925
103.89242
106.12517
106.31841
107.86808
107.68108
108.03491
107.50208
106.195
107.81025
107.28792
108.29008
105.171585
105.14283
106.75667
107.31233
107.66541
107.77867
107.52716
106.025246
106.54525
105.48125
105.624664
106.76258
106.01133
106.32858
107.415245
107.3565
106.447586
106.15858
106.48033
107.65241
108.88933
106.84599
108.96242
104.59591
107.16592
106.91392
105.97241
107.74941
108.00017
105.55391
106.73017
106.75442
108.129745
107.0115
107.94875
108.34733
109.40349
107.93875
106.48074
108.0405
106.083916
106.72258
110.38576
107.71767
107.44275
107.67292
107.16209
107.853004
107.86259
107.06575
105.948
106.99375
107.34608
107.91583
106.14575
107.84783
108.87975
108.48316
108.647835
106.72
107.30817
108.8325
109.73458
108.898674
107.60425
106.574905
108.072334
109.01566
107.36792
107.32008
109.351326
106.527084
107.28225
108.99508
106.90083
106.31533
106.87116
108.70075
107.063324
106.78591
108.91675
108.321
107.76849
105.7835
108.61691
108.60099
106.964165
106.580666
109.0995
108.74442
105.743996
108.38116
108.860664
107.05067
108.46258
109.14608
108.39866
107.09258
109.054
109.59784
109.57383
109.018
107.3565
107.766174
108.068245
109.014336
108.06725
106.217415
107.113495
107.66308
106.5635
109.43774
108.09942
108.5685
108.500244
110.11866
107.84508
110.17508
107.65166
110.662994
108.75466
107.951004
107.7865
108.114
109.01784
107.32783
108.36408
106.87008
109.88458
108.5825
109.296585
106.61467
109.94417
107.92292
107.86542
107.85108
109.11584
109.06275
108.46616
107.281494
108.44983
109.37483
109.419754
109.80799
109.189995
108.916084
109.81258
111.04275
107.84574
109.34966
107.60833
107.251495
109.234924
108.764244
108.24858
109.66541
108.45491
108.050415
108.600075
108.27133
107.78449
109.30458
108.63641
108.34925
109.53017
109.274925
108.49983
108.41075
108.865746
109.68057
110.28483
109.43566
108.5
107.30767
109.43224
110.07974
108.95392
108.32825
110.79175
108.447586
107.982086
108.24883
109.4365
107.7935
108.97758
107.818245
109.99532
112.35716
110.63316
108.88358
110.31123
108.61908
110.67324
109.881744
110.535
108.334
110.28284
108.16117
109.113495
110.26875
108.129585
109.82109
109.03983
109.18366
111.07542
109.78184
109.72299
109.13167
108.414665
110.49558
109.93735
109.388336
109.48275
107.033
110.391174
108.92775
109.181496
109.891495
109.822655
111.467255
108.30025
108.68533
110.90974
110.00766
107.951
109.35191
109.98074
111.20065
108.91533
108.684074
109.30557
109.622086
109.885155
109.89724
109.71625
108.791664
108.894585
109.39566
111.017426
108.87241
110.037254
109.35291
111.74091
108.36542
108.358665
109.91992
107.99866
109.68349
110.603004
109.015915
107.889244
110.1725
109.195
108.2565
110.535416
110.302666
109.28576
110.13725
109.760666
110.57201
110.78824
109.946175
109.485
109.55533
109.33909
110.07451
111.27716
110.378334
110.15758
109.90125
109.11491
108.564995
110.30733
108.49375
108.46433
110.55183
109.28775
109.36875
110.49958
110.351494
109.750755
110.425415
110.2125
109.39558
109.27701
110.41966
109.15192
110.58566
108.50308
110.57208
110.668076
111.25951
107.67941
110.3214
111.340416
