5.749730110168457031e+00
5.404464244842529297e+00
5.409678936004638672e+00
5.269693374633789062e+00
5.229269981384277344e+00
5.232665538787841797e+00
5.145570278167724609e+00
5.091489315032958984e+00
5.060990333557128906e+00
4.955981254577636719e+00
4.926365852355957031e+00
4.935051441192626953e+00
4.895869255065917969e+00
4.823139667510986328e+00
4.818206787109375000e+00
4.790545940399169922e+00
4.799085617065429688e+00
4.742442131042480469e+00
4.713420867919921875e+00
4.709083557128906250e+00
4.649962902069091797e+00
4.634884357452392578e+00
4.676639080047607422e+00
4.618466854095458984e+00
4.609141826629638672e+00
4.594547271728515625e+00
4.556362628936767578e+00
4.560238838195800781e+00
4.530622482299804688e+00
4.528734207153320312e+00
4.637795448303222656e+00
4.540752410888671875e+00
4.501040935516357422e+00
4.488962173461914062e+00
4.469762802124023438e+00
4.468681335449218750e+00
4.583529472351074219e+00
4.506600379943847656e+00
4.467695713043212891e+00
4.456776618957519531e+00
4.441812038421630859e+00
4.464000225067138672e+00
4.465277671813964844e+00
4.431182384490966797e+00
4.412030696868896484e+00
4.425961971282958984e+00
4.426630973815917969e+00
4.436398983001708984e+00
4.419643878936767578e+00
4.415992259979248047e+00
4.404579639434814453e+00
4.389545440673828125e+00
4.396678924560546875e+00
4.383862972259521484e+00
4.426357269287109375e+00
4.386136054992675781e+00
4.371596813201904297e+00
4.359498023986816406e+00
4.349318981170654297e+00
4.344977855682373047e+00
4.341789722442626953e+00
4.333061218261718750e+00
4.327435493469238281e+00
4.327354907989501953e+00
4.318301677703857422e+00
4.333210468292236328e+00
4.332066059112548828e+00
4.317273139953613281e+00
4.306703090667724609e+00
4.304008960723876953e+00
4.303184986114501953e+00
4.339939594268798828e+00
4.320290088653564453e+00
4.317805290222167969e+00
4.299576282501220703e+00
4.331150054931640625e+00
4.352117061614990234e+00
4.336265563964843750e+00
4.320237159729003906e+00
4.327791213989257812e+00
4.301923751831054688e+00
4.291096210479736328e+00
4.288107872009277344e+00
4.275845527648925781e+00
4.348537921905517578e+00
4.283635139465332031e+00
4.278038501739501953e+00
4.266722202301025391e+00
4.261515140533447266e+00
4.261883735656738281e+00
4.254911422729492188e+00
4.263037204742431641e+00
4.246743202209472656e+00
4.251937389373779297e+00
4.244452476501464844e+00
4.243623256683349609e+00
4.253078460693359375e+00
4.259122848510742188e+00
4.251320362091064453e+00
4.245904922485351562e+00
4.291991233825683594e+00
4.249466419219970703e+00
4.290404319763183594e+00
4.256815910339355469e+00
4.263876438140869141e+00
4.260325908660888672e+00
4.241427421569824219e+00
4.272164344787597656e+00
4.242997169494628906e+00
4.242133140563964844e+00
4.250352382659912109e+00
4.236919879913330078e+00
4.249224662780761719e+00
4.242410659790039062e+00
4.237077713012695312e+00
4.249596118927001953e+00
4.246618270874023438e+00
4.277538776397705078e+00
4.256543636322021484e+00
4.280278205871582031e+00
4.342691421508789062e+00
4.335506439208984375e+00
4.309558868408203125e+00
4.276360034942626953e+00
4.261375427246093750e+00
4.250024318695068359e+00
4.244454860687255859e+00
4.236599445343017578e+00
4.236209392547607422e+00
4.225408077239990234e+00
4.225230216979980469e+00
4.236814975738525391e+00
4.216839790344238281e+00
4.221363067626953125e+00
4.217505931854248047e+00
4.210040092468261719e+00
4.225978851318359375e+00
4.209752559661865234e+00
4.211831569671630859e+00
4.206840991973876953e+00
4.203725814819335938e+00
4.206087112426757812e+00
4.200682640075683594e+00
4.216913700103759766e+00
4.204266548156738281e+00
4.205400466918945312e+00
4.205916881561279297e+00
4.217447757720947266e+00
4.201774120330810547e+00
4.199540615081787109e+00
4.201967716217041016e+00
4.203663825988769531e+00
4.195229053497314453e+00
4.195873260498046875e+00
4.293778419494628906e+00
4.242078781127929688e+00
4.260283470153808594e+00
4.219608306884765625e+00
4.213849067687988281e+00
4.209839820861816406e+00
4.208428382873535156e+00
4.202666282653808594e+00
4.206271171569824219e+00
4.217758178710937500e+00
4.205121517181396484e+00
4.202825546264648438e+00
4.197108745574951172e+00
4.198059082031250000e+00
4.207513809204101562e+00
4.223124504089355469e+00
4.221419811248779297e+00
4.221874237060546875e+00
4.223631858825683594e+00
4.207280158996582031e+00
4.200772762298583984e+00
4.202839374542236328e+00
4.194112777709960938e+00
4.190407276153564453e+00
4.188565254211425781e+00
4.185446262359619141e+00
4.187942981719970703e+00
4.183642387390136719e+00
4.181729793548583984e+00
4.185181140899658203e+00
4.188192844390869141e+00
4.190690517425537109e+00
4.190118312835693359e+00
4.190398693084716797e+00
4.204052925109863281e+00
4.192404270172119141e+00
4.206446170806884766e+00
4.222347259521484375e+00
4.215204715728759766e+00
4.207719326019287109e+00
4.193369388580322266e+00
4.185846805572509766e+00
4.186650753021240234e+00
4.179825305938720703e+00
4.178996562957763672e+00
4.177731990814208984e+00
4.173557281494140625e+00
4.173976421356201172e+00
4.181424617767333984e+00
4.171830654144287109e+00
4.171535968780517578e+00
4.180352687835693359e+00
4.166780471801757812e+00
4.172359466552734375e+00
4.168645381927490234e+00
4.172901630401611328e+00
4.171807765960693359e+00
4.170386791229248047e+00
4.172650814056396484e+00
4.172361850738525391e+00
4.184096813201904297e+00
4.182489871978759766e+00
4.174044609069824219e+00
4.171627521514892578e+00
4.167363166809082031e+00
4.167344570159912109e+00
4.159914970397949219e+00
4.166401863098144531e+00
4.163732528686523438e+00
4.179812908172607422e+00
4.165328979492187500e+00
4.164159774780273438e+00
4.169423103332519531e+00
4.168622016906738281e+00
4.170827388763427734e+00
4.171187877655029297e+00
4.162935256958007812e+00
4.158107757568359375e+00
4.160086631774902344e+00
4.164574623107910156e+00
4.160219669342041016e+00
4.177727699279785156e+00
4.164455413818359375e+00
4.163158893585205078e+00
4.167497158050537109e+00
4.162687778472900391e+00
4.159756660461425781e+00
4.190839290618896484e+00
4.180071353912353516e+00
4.174588680267333984e+00
4.171735286712646484e+00
4.163050651550292969e+00
4.164937019348144531e+00
4.161667346954345703e+00
4.162337779998779297e+00
4.164153099060058594e+00
4.166864871978759766e+00
4.158916950225830078e+00
4.166101455688476562e+00
4.158410549163818359e+00
4.157583713531494141e+00
4.155833244323730469e+00
4.163128376007080078e+00
4.157662391662597656e+00
4.161704540252685547e+00
4.155832767486572266e+00
4.162979602813720703e+00
4.156497955322265625e+00
4.160034656524658203e+00
4.161549568176269531e+00
4.157414913177490234e+00
4.151221752166748047e+00
4.152663230895996094e+00
4.150714397430419922e+00
4.148325443267822266e+00
4.150407791137695312e+00
4.151118755340576172e+00
4.144841670989990234e+00
4.150276184082031250e+00
4.149824619293212891e+00
4.148434638977050781e+00
4.147749900817871094e+00
4.144634723663330078e+00
4.145654678344726562e+00
4.147132873535156250e+00
4.143367290496826172e+00
4.145676136016845703e+00
4.144146919250488281e+00
4.141824245452880859e+00
4.145237445831298828e+00
4.140280246734619141e+00
4.144123554229736328e+00
4.144359111785888672e+00
4.147797107696533203e+00
4.144035339355468750e+00
4.146595478057861328e+00
4.142925262451171875e+00
4.140441894531250000e+00
4.142602920532226562e+00
4.140939712524414062e+00
4.141259670257568359e+00
4.142483234405517578e+00
4.140799522399902344e+00
4.146541595458984375e+00
4.147917747497558594e+00
4.141099929809570312e+00
4.142940521240234375e+00
4.143345355987548828e+00
4.140241622924804688e+00
4.145619869232177734e+00
4.142071247100830078e+00
4.138192176818847656e+00
4.140830516815185547e+00
4.141401290893554688e+00
4.160077571868896484e+00
4.153746128082275391e+00
4.161138057708740234e+00
4.158329010009765625e+00
4.161494255065917969e+00
4.157264709472656250e+00
4.147437095642089844e+00
4.138535499572753906e+00
4.138092994689941406e+00
4.143562793731689453e+00
4.139247894287109375e+00
4.139704227447509766e+00
4.136286735534667969e+00
4.139506816864013672e+00
4.140368938446044922e+00
4.137171745300292969e+00
4.138284683227539062e+00
4.136990547180175781e+00
4.139171123504638672e+00
4.139990806579589844e+00
4.138055801391601562e+00
4.137339115142822266e+00
4.133368015289306641e+00
4.139887809753417969e+00
4.136188030242919922e+00
4.130731582641601562e+00
4.138353824615478516e+00
4.142083168029785156e+00
4.180790424346923828e+00
4.161551475524902344e+00
4.163084983825683594e+00
4.156151771545410156e+00
4.172673702239990234e+00
4.164560794830322266e+00
4.168802261352539062e+00
4.165099620819091797e+00
4.181863307952880859e+00
4.192251682281494141e+00
4.183930873870849609e+00
4.169002056121826172e+00
4.161846637725830078e+00
4.186301231384277344e+00
4.192451477050781250e+00
4.189790248870849609e+00
4.192964076995849609e+00
4.195200920104980469e+00
4.196603298187255859e+00
4.188572883605957031e+00
4.187523365020751953e+00
4.186409473419189453e+00
4.187491893768310547e+00
4.190134048461914062e+00
4.197470188140869141e+00
4.179336071014404297e+00
4.167237281799316406e+00
4.185338020324707031e+00
4.182473659515380859e+00
4.174086570739746094e+00
4.184766292572021484e+00
4.200019359588623047e+00
4.201803684234619141e+00
4.192480564117431641e+00
4.209233283996582031e+00
4.210257530212402344e+00
4.212614536285400391e+00
4.205867767333984375e+00
4.228041172027587891e+00
4.211820602416992188e+00
4.206020355224609375e+00
4.198695659637451172e+00
4.199651241302490234e+00
4.187744140625000000e+00
4.183394908905029297e+00
4.184189796447753906e+00
4.189949512481689453e+00
4.183029174804687500e+00
4.191362380981445312e+00
4.187038898468017578e+00
4.182262420654296875e+00
4.173352718353271484e+00
4.175858020782470703e+00
4.168230533599853516e+00
4.164640903472900391e+00
4.160471439361572266e+00
4.158650875091552734e+00
4.161283969879150391e+00
4.159098148345947266e+00
4.156355857849121094e+00
4.147106647491455078e+00
4.142910957336425781e+00
4.145571708679199219e+00
4.146398067474365234e+00
4.146105289459228516e+00
4.141651630401611328e+00
4.145002841949462891e+00
4.140861988067626953e+00
4.136504173278808594e+00
4.140203952789306641e+00
4.134473800659179688e+00
4.135265827178955078e+00
4.134697914123535156e+00
4.139436721801757812e+00
4.137642383575439453e+00
4.143128395080566406e+00
4.135884761810302734e+00
4.129216670989990234e+00
4.151465415954589844e+00
4.143443107604980469e+00
4.171217441558837891e+00
4.155430316925048828e+00
4.151802062988281250e+00
4.192619323730468750e+00
4.168939113616943359e+00
4.171817779541015625e+00
4.155756950378417969e+00
4.162021160125732422e+00
4.166592121124267578e+00
4.160204410552978516e+00
4.158486366271972656e+00
4.159647464752197266e+00
4.161827087402343750e+00
4.162871360778808594e+00
4.149079799652099609e+00
4.155561923980712891e+00
4.154104709625244141e+00
4.156017780303955078e+00
4.172514915466308594e+00
4.166084289550781250e+00
4.171680927276611328e+00
4.176131725311279297e+00
4.168059349060058594e+00
4.170152187347412109e+00
4.159983634948730469e+00
4.156715869903564453e+00
4.145629405975341797e+00
4.143095970153808594e+00
4.139793395996093750e+00
4.140015125274658203e+00
4.144398689270019531e+00
4.151248455047607422e+00
4.152112007141113281e+00
4.145352363586425781e+00
4.142709732055664062e+00
4.139346122741699219e+00
4.142177104949951172e+00
4.161119461059570312e+00
4.150139808654785156e+00
4.154345035552978516e+00
4.160848140716552734e+00
4.164627552032470703e+00
4.156147003173828125e+00
4.145472049713134766e+00
4.141634941101074219e+00
4.137136936187744141e+00
4.134004592895507812e+00
4.141934871673583984e+00
4.138319969177246094e+00
4.137291431427001953e+00
4.138827800750732422e+00
4.157892227172851562e+00
4.153234958648681641e+00
4.157648563385009766e+00
4.145739555358886719e+00
4.156562328338623047e+00
4.151624202728271484e+00
4.151358127593994141e+00
4.172792911529541016e+00
4.180854320526123047e+00
4.181303024291992188e+00
4.163134574890136719e+00
4.165438652038574219e+00
4.150063514709472656e+00
4.151894092559814453e+00
4.153080940246582031e+00
4.168947696685791016e+00
4.168045997619628906e+00
4.158141136169433594e+00
4.162930488586425781e+00
4.180954456329345703e+00
4.177564620971679688e+00
4.180361270904541016e+00
4.158847332000732422e+00
4.156602382659912109e+00
4.159303188323974609e+00
4.149115085601806641e+00
4.145019531250000000e+00
4.138592720031738281e+00
4.139900684356689453e+00
4.139262199401855469e+00
4.140020847320556641e+00
4.156655311584472656e+00
4.162559509277343750e+00
4.147905826568603516e+00
4.155458927154541016e+00
4.166288852691650391e+00
4.160635471343994141e+00
4.160680770874023438e+00
4.153120040893554688e+00
4.167332172393798828e+00
4.169593334197998047e+00
4.155108451843261719e+00
4.158203125000000000e+00
4.145080089569091797e+00
4.164912700653076172e+00
4.153571128845214844e+00
4.147258758544921875e+00
4.150336265563964844e+00
4.160528182983398438e+00
4.148645877838134766e+00
4.141024112701416016e+00
4.144531726837158203e+00
4.145341396331787109e+00
4.141995906829833984e+00
4.138257026672363281e+00
4.138288021087646484e+00
4.134824752807617188e+00
4.135761737823486328e+00
4.136361122131347656e+00
4.138850688934326172e+00
4.136830329895019531e+00
4.134297847747802734e+00
4.127672195434570312e+00
4.135536670684814453e+00
4.132731437683105469e+00
4.156016826629638672e+00
4.149621486663818359e+00
4.143194198608398438e+00
4.139386177062988281e+00
4.137228012084960938e+00
4.138416290283203125e+00
4.136199474334716797e+00
4.129969120025634766e+00
4.133589267730712891e+00
4.148964881896972656e+00
4.140830993652343750e+00
4.134210109710693359e+00
4.133867740631103516e+00
4.130903720855712891e+00
4.137434482574462891e+00
4.131012916564941406e+00
4.133369922637939453e+00
4.132618427276611328e+00
4.130974292755126953e+00
4.127810955047607422e+00
4.129840850830078125e+00
4.131130695343017578e+00
4.126925468444824219e+00
4.125768184661865234e+00
4.131623744964599609e+00
4.127470970153808594e+00
4.123190402984619141e+00
4.123229026794433594e+00
4.126361370086669922e+00
4.126624107360839844e+00
4.125150203704833984e+00
4.126974582672119141e+00
4.126946926116943359e+00
4.124487400054931641e+00
4.123440742492675781e+00
4.127682685852050781e+00
4.123271465301513672e+00
4.124457836151123047e+00
4.125493049621582031e+00
4.122769832611083984e+00
4.128907680511474609e+00
4.130569934844970703e+00
4.131515979766845703e+00
4.128013610839843750e+00
4.133846282958984375e+00
4.126494884490966797e+00
4.124900817871093750e+00
4.125171661376953125e+00
4.123930931091308594e+00
4.124419689178466797e+00
4.125840663909912109e+00
4.124333858489990234e+00
4.122087478637695312e+00
4.122659683227539062e+00
4.125147342681884766e+00
4.124913692474365234e+00
4.127611637115478516e+00
4.124253273010253906e+00
4.127912998199462891e+00
4.126581192016601562e+00
4.128376007080078125e+00
4.125789642333984375e+00
4.132177829742431641e+00
4.121946811676025391e+00
4.129711151123046875e+00
4.147460937500000000e+00
4.184470176696777344e+00
4.165165901184082031e+00
4.158991336822509766e+00
4.159228324890136719e+00
4.143760681152343750e+00
4.147568225860595703e+00
4.135095119476318359e+00
4.133616447448730469e+00
4.135722637176513672e+00
4.173559665679931641e+00
4.148755073547363281e+00
4.142688751220703125e+00
4.134662151336669922e+00
4.128832817077636719e+00
4.138323783874511719e+00
4.132993221282958984e+00
4.128934860229492188e+00
4.128297328948974609e+00
4.154819965362548828e+00
4.140084266662597656e+00
4.146805286407470703e+00
4.186733245849609375e+00
4.179687976837158203e+00
4.175258636474609375e+00
4.176221847534179688e+00
4.164417743682861328e+00
4.209471225738525391e+00
4.229517459869384766e+00
4.187806606292724609e+00
4.177070140838623047e+00
4.179423809051513672e+00
4.171270847320556641e+00
4.166729927062988281e+00
4.172376632690429688e+00
4.169758796691894531e+00
4.161588191986083984e+00
4.157448768615722656e+00
4.178936958312988281e+00
4.170641899108886719e+00
4.189173221588134766e+00
4.205032348632812500e+00
4.212199687957763672e+00
4.194386482238769531e+00
4.184613227844238281e+00
4.182911872863769531e+00
4.172653198242187500e+00
4.182610034942626953e+00
4.202300071716308594e+00
4.180885791778564453e+00
4.168895244598388672e+00
4.157822608947753906e+00
4.151686191558837891e+00
4.145824909210205078e+00
4.153709411621093750e+00
4.148105144500732422e+00
4.142822265625000000e+00
4.144666671752929688e+00
4.147625923156738281e+00
4.148978233337402344e+00
4.143893718719482422e+00
4.151280879974365234e+00
4.138248443603515625e+00
4.190907001495361328e+00
4.173073291778564453e+00
4.160202503204345703e+00
4.161415100097656250e+00
4.154145240783691406e+00
4.172549247741699219e+00
4.185832500457763672e+00
4.169992923736572266e+00
4.173412799835205078e+00
4.168578147888183594e+00
4.180273056030273438e+00
4.195022583007812500e+00
4.197095870971679688e+00
4.177532196044921875e+00
4.163480758666992188e+00
4.159163951873779297e+00
4.153275966644287109e+00
4.189393997192382812e+00
4.177868843078613281e+00
4.167594432830810547e+00
4.168438911437988281e+00
4.170039653778076172e+00
4.169924736022949219e+00
4.155865669250488281e+00
4.151227474212646484e+00
4.148418903350830078e+00
4.144326686859130859e+00
4.160743236541748047e+00
4.149486064910888672e+00
4.144889354705810547e+00
4.158009052276611328e+00
4.147808074951171875e+00
4.139963626861572266e+00
4.132192611694335938e+00
4.137229442596435547e+00
4.154637336730957031e+00
4.151536941528320312e+00
4.147018909454345703e+00
4.162893772125244141e+00
4.149267196655273438e+00
4.151067256927490234e+00
4.145822525024414062e+00
4.135989665985107422e+00
4.136787891387939453e+00
4.134246349334716797e+00
4.130826473236083984e+00
4.127414703369140625e+00
4.128295898437500000e+00
4.130660533905029297e+00
4.133697509765625000e+00
4.129329681396484375e+00
4.127920150756835938e+00
4.125585079193115234e+00
4.125028133392333984e+00
4.122478008270263672e+00
4.121819019317626953e+00
4.123276233673095703e+00
4.118719577789306641e+00
4.128136157989501953e+00
4.122921943664550781e+00
4.126635551452636719e+00
4.124562740325927734e+00
4.126289367675781250e+00
4.121777057647705078e+00
4.122742652893066406e+00
4.124756813049316406e+00
4.125658512115478516e+00
4.123855113983154297e+00
4.130168437957763672e+00
4.126993656158447266e+00
4.123953819274902344e+00
4.124517440795898438e+00
4.216878414154052734e+00
4.227450370788574219e+00
4.187154769897460938e+00
4.185649871826171875e+00
4.166788578033447266e+00
4.163322448730468750e+00
4.157445430755615234e+00
4.174126148223876953e+00
4.163119316101074219e+00
4.163121700286865234e+00
4.153981685638427734e+00
4.147521018981933594e+00
4.139037132263183594e+00
4.133097648620605469e+00
4.130797863006591797e+00
4.130585193634033203e+00
4.129931449890136719e+00
4.130566596984863281e+00
4.126083374023437500e+00
4.126540184020996094e+00
4.122187137603759766e+00
4.124392032623291016e+00
4.121281147003173828e+00
4.119972229003906250e+00
4.124578952789306641e+00
4.141581535339355469e+00
4.150253295898437500e+00
4.149188995361328125e+00
4.164188385009765625e+00
4.163100242614746094e+00
4.161191940307617188e+00
4.152502536773681641e+00
4.143138408660888672e+00
4.153257846832275391e+00
4.191520214080810547e+00
4.187197685241699219e+00
4.175599575042724609e+00
4.166425704956054688e+00
4.160053253173828125e+00
4.156216621398925781e+00
4.153952598571777344e+00
4.151866436004638672e+00
4.149893283843994141e+00
4.148198604583740234e+00
4.146420955657958984e+00
4.144799232482910156e+00
4.143255710601806641e+00
4.141542434692382812e+00
4.139867305755615234e+00
4.138077259063720703e+00
4.136449337005615234e+00
4.134848594665527344e+00
4.133301734924316406e+00
4.131710052490234375e+00
4.130103111267089844e+00
4.128519058227539062e+00
4.127021312713623047e+00
4.125665187835693359e+00
4.124390602111816406e+00
4.123184204101562500e+00
4.122042179107666016e+00
4.120860099792480469e+00
4.119840621948242188e+00
4.118961334228515625e+00
4.118021488189697266e+00
4.117061614990234375e+00
4.116146087646484375e+00
4.115322113037109375e+00
4.114584922790527344e+00
4.113783836364746094e+00
4.113039970397949219e+00
4.112314701080322266e+00
4.111586093902587891e+00
4.110836029052734375e+00
4.110159873962402344e+00
4.109532833099365234e+00
4.108885288238525391e+00
4.108268260955810547e+00
4.107663631439208984e+00
4.107095718383789062e+00
4.106533050537109375e+00
4.105957508087158203e+00
4.105419158935546875e+00
4.104884147644042969e+00
4.104375362396240234e+00
4.103896141052246094e+00
4.103433132171630859e+00
4.102982997894287109e+00
4.102541446685791016e+00
4.102106571197509766e+00
4.101665019989013672e+00
4.101236820220947266e+00
4.100828647613525391e+00
4.100427150726318359e+00
4.100039005279541016e+00
4.099676609039306641e+00
4.099321365356445312e+00
4.098972797393798828e+00
4.098633766174316406e+00
4.098294258117675781e+00
4.097955703735351562e+00
4.097645759582519531e+00
4.097336292266845703e+00
4.097048282623291016e+00
4.096765995025634766e+00
4.096501827239990234e+00
4.096230030059814453e+00
4.095953941345214844e+00
4.095691680908203125e+00
4.095422744750976562e+00
4.095170497894287109e+00
4.094921112060546875e+00
4.094686508178710938e+00
4.094460010528564453e+00
4.094220638275146484e+00
4.093991756439208984e+00
4.093758583068847656e+00
4.093545436859130859e+00
4.093342781066894531e+00
4.093141078948974609e+00
4.092961311340332031e+00
4.092777252197265625e+00
4.092590808868408203e+00
4.092417240142822266e+00
4.092249393463134766e+00
4.092077255249023438e+00
4.091905593872070312e+00
4.091747283935546875e+00
4.091585636138916016e+00
4.091415405273437500e+00
4.091261386871337891e+00
4.091112136840820312e+00
4.090961456298828125e+00
4.090816497802734375e+00
4.090672492980957031e+00
4.090534687042236328e+00
4.090396881103515625e+00
4.090260505676269531e+00
4.090131759643554688e+00
4.090005874633789062e+00
4.089893817901611328e+00
4.089779376983642578e+00
4.089663505554199219e+00
4.089556694030761719e+00
4.089452743530273438e+00
4.089351654052734375e+00
4.089252948760986328e+00
4.089168548583984375e+00
4.089088439941406250e+00
4.088998794555664062e+00
4.088912487030029297e+00
4.088840007781982422e+00
4.088767528533935547e+00
4.088694095611572266e+00
4.088619232177734375e+00
4.088540554046630859e+00
4.088463306427001953e+00
4.088392257690429688e+00
4.088332176208496094e+00
4.088276386260986328e+00
4.088216304779052734e+00
4.088170528411865234e+00
4.088126659393310547e+00
4.088080406188964844e+00
4.088039875030517578e+00
4.088007926940917969e+00
4.087977886199951172e+00
4.087956428527832031e+00
