5.744957923889160156e+00
5.455831050872802734e+00
5.264161109924316406e+00
5.097288608551025391e+00
5.008783817291259766e+00
4.917184829711914062e+00
4.884098052978515625e+00
4.794839859008789062e+00
4.885751724243164062e+00
4.786262512207031250e+00
4.829971790313720703e+00
4.766134738922119141e+00
4.734745025634765625e+00
4.731087207794189453e+00
4.710602283477783203e+00
4.754945278167724609e+00
4.674728393554687500e+00
4.640926361083984375e+00
4.625858306884765625e+00
4.595932960510253906e+00
4.590850353240966797e+00
4.556745529174804688e+00
4.580430030822753906e+00
4.543081283569335938e+00
4.574141979217529297e+00
4.548811435699462891e+00
4.546296119689941406e+00
4.522568702697753906e+00
4.500457763671875000e+00
4.594958782196044922e+00
4.518023490905761719e+00
4.509892463684082031e+00
4.477965831756591797e+00
4.475625514984130859e+00
4.504454612731933594e+00
4.458884716033935547e+00
4.444839954376220703e+00
4.438179969787597656e+00
4.447168350219726562e+00
4.434051036834716797e+00
4.419469356536865234e+00
4.392611980438232422e+00
4.392818927764892578e+00
4.381606101989746094e+00
4.369893550872802734e+00
4.366951942443847656e+00
4.357513427734375000e+00
4.353789806365966797e+00
4.350498199462890625e+00
4.340963840484619141e+00
4.339050769805908203e+00
4.332303047180175781e+00
4.336285114288330078e+00
4.329650402069091797e+00
4.325306415557861328e+00
4.315242767333984375e+00
4.310135841369628906e+00
4.305265903472900391e+00
4.302165508270263672e+00
4.318077087402343750e+00
4.306149482727050781e+00
4.294755458831787109e+00
4.290541648864746094e+00
4.283840179443359375e+00
4.279747962951660156e+00
4.280080795288085938e+00
4.275535583496093750e+00
4.271238327026367188e+00
4.276340961456298828e+00
4.288059234619140625e+00
4.289399147033691406e+00
4.291213035583496094e+00
4.282404899597167969e+00
4.273214817047119141e+00
4.289345741271972656e+00
4.272043704986572266e+00
4.266387462615966797e+00
4.280710697174072266e+00
4.263832092285156250e+00
4.261884212493896484e+00
4.256739139556884766e+00
4.252904415130615234e+00
4.254217147827148438e+00
4.253161430358886719e+00
4.242606163024902344e+00
4.243467330932617188e+00
4.241404056549072266e+00
4.246647357940673828e+00
4.241086959838867188e+00
4.235474586486816406e+00
4.290767669677734375e+00
4.254442214965820312e+00
4.253560066223144531e+00
4.249715328216552734e+00
4.252591609954833984e+00
4.249418258666992188e+00
4.242698192596435547e+00
4.238109588623046875e+00
4.242996692657470703e+00
4.245351791381835938e+00
4.242540359497070312e+00
4.234998703002929688e+00
4.224887371063232422e+00
4.227118015289306641e+00
4.230458736419677734e+00
4.220165729522705078e+00
4.222564220428466797e+00
4.222394943237304688e+00
4.217192649841308594e+00
4.213979244232177734e+00
4.215894222259521484e+00
4.211020469665527344e+00
4.209780216217041016e+00
4.214201450347900391e+00
4.212633132934570312e+00
4.217348575592041016e+00
4.205125808715820312e+00
4.207685470581054688e+00
4.204293251037597656e+00
4.210029602050781250e+00
4.202414512634277344e+00
4.197763919830322266e+00
4.203157901763916016e+00
4.194682121276855469e+00
4.208067893981933594e+00
4.195682525634765625e+00
4.200463294982910156e+00
4.196335315704345703e+00
4.192123413085937500e+00
4.193251132965087891e+00
4.205959320068359375e+00
4.201176166534423828e+00
4.211794376373291016e+00
4.201719760894775391e+00
4.190647602081298828e+00
4.195165157318115234e+00
4.192027091979980469e+00
4.191627979278564453e+00
4.195694446563720703e+00
4.191457271575927734e+00
4.191118240356445312e+00
4.185992717742919922e+00
4.187667369842529297e+00
4.192391872406005859e+00
4.188147544860839844e+00
4.187778949737548828e+00
4.190256118774414062e+00
4.189180850982666016e+00
4.186591148376464844e+00
4.183966636657714844e+00
4.180344104766845703e+00
4.180619239807128906e+00
4.184158802032470703e+00
4.181682109832763672e+00
4.182086467742919922e+00
4.177228450775146484e+00
4.176103115081787109e+00
4.177636623382568359e+00
4.184114456176757812e+00
4.181568622589111328e+00
4.177632331848144531e+00
4.187181949615478516e+00
4.174235820770263672e+00
4.178213596343994141e+00
4.182173728942871094e+00
4.177494525909423828e+00
4.175617218017578125e+00
4.174121856689453125e+00
4.172823905944824219e+00
4.171038150787353516e+00
4.179988384246826172e+00
4.170567989349365234e+00
4.172438621520996094e+00
4.166369915008544922e+00
4.172464370727539062e+00
4.166729927062988281e+00
4.181668758392333984e+00
4.189649105072021484e+00
4.174523353576660156e+00
4.175865173339843750e+00
4.171593666076660156e+00
4.172682762145996094e+00
4.172111988067626953e+00
4.174444198608398438e+00
4.178122997283935547e+00
4.172494888305664062e+00
4.174186229705810547e+00
4.168713569641113281e+00
4.185763359069824219e+00
4.172039508819580078e+00
4.167756080627441406e+00
4.169084548950195312e+00
4.166101455688476562e+00
4.164354324340820312e+00
4.169553279876708984e+00
4.171343803405761719e+00
4.165839195251464844e+00
4.165387630462646484e+00
4.167577743530273438e+00
4.167604446411132812e+00
4.168651103973388672e+00
4.166163921356201172e+00
4.161484718322753906e+00
4.164949417114257812e+00
4.166622638702392578e+00
4.170975208282470703e+00
4.164316654205322266e+00
4.170699119567871094e+00
4.167246818542480469e+00
4.162549018859863281e+00
4.161731243133544922e+00
4.160276412963867188e+00
4.160568714141845703e+00
4.161894321441650391e+00
4.162634849548339844e+00
4.164924144744873047e+00
4.162539005279541016e+00
4.164877414703369141e+00
4.162043571472167969e+00
4.153836250305175781e+00
4.159257411956787109e+00
4.154636859893798828e+00
4.162395477294921875e+00
4.156717777252197266e+00
4.159116268157958984e+00
4.157449245452880859e+00
4.155652046203613281e+00
4.147953987121582031e+00
4.150789260864257812e+00
4.158232212066650391e+00
4.157599449157714844e+00
4.152193546295166016e+00
4.153015613555908203e+00
4.157432556152343750e+00
4.149313449859619141e+00
4.151120662689208984e+00
4.151510238647460938e+00
4.162445068359375000e+00
4.157907009124755859e+00
4.151563167572021484e+00
4.151273727416992188e+00
4.153005123138427734e+00
4.157882690429687500e+00
4.156366348266601562e+00
4.151845455169677734e+00
4.146675109863281250e+00
4.151714324951171875e+00
4.155572414398193359e+00
4.154394149780273438e+00
4.154084682464599609e+00
4.151719093322753906e+00
4.151081085205078125e+00
4.156278610229492188e+00
4.152820587158203125e+00
4.154118061065673828e+00
4.149082660675048828e+00
4.154473781585693359e+00
4.150476932525634766e+00
4.151967048645019531e+00
4.151521682739257812e+00
4.151840686798095703e+00
4.149287223815917969e+00
4.159250736236572266e+00
4.156355381011962891e+00
4.151484012603759766e+00
4.151377201080322266e+00
4.148943424224853516e+00
4.147672176361083984e+00
4.157541275024414062e+00
4.153898715972900391e+00
4.149656295776367188e+00
4.155424594879150391e+00
4.153453350067138672e+00
4.149548530578613281e+00
4.155766487121582031e+00
4.154993534088134766e+00
4.146738529205322266e+00
4.156200408935546875e+00
4.157436847686767578e+00
4.154492855072021484e+00
4.152926921844482422e+00
4.149150848388671875e+00
4.156667709350585938e+00
4.147393703460693359e+00
4.145727634429931641e+00
4.153088092803955078e+00
4.151994228363037109e+00
4.153941154479980469e+00
4.149749279022216797e+00
4.157201290130615234e+00
4.149783134460449219e+00
4.148238658905029297e+00
4.169562339782714844e+00
4.156912803649902344e+00
4.156706809997558594e+00
4.155683517456054688e+00
4.157875537872314453e+00
4.160827636718750000e+00
4.152280807495117188e+00
4.150014877319335938e+00
4.149013519287109375e+00
4.150991916656494141e+00
4.147112846374511719e+00
4.148311138153076172e+00
4.151286602020263672e+00
4.151758193969726562e+00
4.150796890258789062e+00
4.147583007812500000e+00
4.146257400512695312e+00
4.145644187927246094e+00
4.145485401153564453e+00
4.145126342773437500e+00
4.143613338470458984e+00
4.151019096374511719e+00
4.151814937591552734e+00
4.147398471832275391e+00
4.149754524230957031e+00
4.147664546966552734e+00
4.143229484558105469e+00
4.145782947540283203e+00
4.147169589996337891e+00
4.145325660705566406e+00
4.145253181457519531e+00
4.149834632873535156e+00
4.148732185363769531e+00
4.146548271179199219e+00
4.148122787475585938e+00
4.148678302764892578e+00
4.148974418640136719e+00
4.145400524139404297e+00
4.146446704864501953e+00
4.144854068756103516e+00
4.145403385162353516e+00
4.156827449798583984e+00
4.145494461059570312e+00
4.150631904602050781e+00
4.146409034729003906e+00
4.153426647186279297e+00
4.151765346527099609e+00
4.141861438751220703e+00
4.146503448486328125e+00
4.150219917297363281e+00
4.142663478851318359e+00
4.147346019744873047e+00
4.147964000701904297e+00
4.150822639465332031e+00
4.145955562591552734e+00
4.151234149932861328e+00
4.145986080169677734e+00
4.147382736206054688e+00
4.147552967071533203e+00
4.144016265869140625e+00
4.145851612091064453e+00
4.142510890960693359e+00
4.143785953521728516e+00
4.143502712249755859e+00
4.147759914398193359e+00
4.140042304992675781e+00
4.144932270050048828e+00
4.142150402069091797e+00
4.134285449981689453e+00
4.145783424377441406e+00
4.138807296752929688e+00
4.143911361694335938e+00
4.137883186340332031e+00
4.141356945037841797e+00
4.143532276153564453e+00
4.147531986236572266e+00
4.150095939636230469e+00
4.143225669860839844e+00
4.143611907958984375e+00
4.147251129150390625e+00
4.143054485321044922e+00
4.141525268554687500e+00
4.141577243804931641e+00
4.135258674621582031e+00
4.135828495025634766e+00
4.140295982360839844e+00
4.141054153442382812e+00
4.147934913635253906e+00
4.143253803253173828e+00
4.147301673889160156e+00
4.144974708557128906e+00
4.141470432281494141e+00
4.140146732330322266e+00
4.134584903717041016e+00
4.137388706207275391e+00
4.141198635101318359e+00
4.134178638458251953e+00
4.138512611389160156e+00
4.135665416717529297e+00
4.142657756805419922e+00
4.134445667266845703e+00
4.140821456909179688e+00
4.140299797058105469e+00
4.138748168945312500e+00
4.142347812652587891e+00
4.145247459411621094e+00
4.141444683074951172e+00
4.138849258422851562e+00
4.138956069946289062e+00
4.136715412139892578e+00
4.136057376861572266e+00
4.140759944915771484e+00
4.140491008758544922e+00
4.145151138305664062e+00
4.141407966613769531e+00
4.144872665405273438e+00
4.136471271514892578e+00
4.141025066375732422e+00
4.132336616516113281e+00
4.130292415618896484e+00
4.137580871582031250e+00
4.141625881195068359e+00
4.142016887664794922e+00
4.136642932891845703e+00
4.143078327178955078e+00
4.136410713195800781e+00
4.145692825317382812e+00
4.140409469604492188e+00
4.143802642822265625e+00
4.140062332153320312e+00
4.138762474060058594e+00
4.134488105773925781e+00
4.138262748718261719e+00
4.139347553253173828e+00
4.136606693267822266e+00
4.136827468872070312e+00
4.134171962738037109e+00
4.138216972351074219e+00
4.136097431182861328e+00
4.138747215270996094e+00
4.136119842529296875e+00
4.134506702423095703e+00
4.133238315582275391e+00
4.137184143066406250e+00
4.134959220886230469e+00
4.139242172241210938e+00
4.142684459686279297e+00
4.139408111572265625e+00
4.133647918701171875e+00
4.152627468109130859e+00
4.162364006042480469e+00
4.155398368835449219e+00
4.153296470642089844e+00
4.138872146606445312e+00
4.143933296203613281e+00
4.140588283538818359e+00
4.139895915985107422e+00
4.138105869293212891e+00
4.141423225402832031e+00
4.140269279479980469e+00
4.144821166992187500e+00
4.143429279327392578e+00
4.142447948455810547e+00
4.142397880554199219e+00
4.141621589660644531e+00
4.129913806915283203e+00
4.135852813720703125e+00
4.139459133148193359e+00
4.137576103210449219e+00
4.136303901672363281e+00
4.137667179107666016e+00
4.139036655426025391e+00
4.138240337371826172e+00
4.139967918395996094e+00
4.140728950500488281e+00
4.137528419494628906e+00
4.139014720916748047e+00
4.140826225280761719e+00
4.137600898742675781e+00
4.137011051177978516e+00
4.136758327484130859e+00
4.135905265808105469e+00
4.139020919799804688e+00
4.138473033905029297e+00
4.135995864868164062e+00
4.195125102996826172e+00
4.245516777038574219e+00
4.195749759674072266e+00
4.166599750518798828e+00
4.154758930206298828e+00
4.151252746582031250e+00
4.141767978668212891e+00
4.144933223724365234e+00
4.145238399505615234e+00
4.144725322723388672e+00
4.134225368499755859e+00
4.142348289489746094e+00
4.138181209564208984e+00
4.140136718750000000e+00
4.139529228210449219e+00
4.145391941070556641e+00
4.140459060668945312e+00
4.139853000640869141e+00
4.140666484832763672e+00
4.139587402343750000e+00
4.133160114288330078e+00
4.137742042541503906e+00
4.134657859802246094e+00
4.138825893402099609e+00
4.135244846343994141e+00
4.137842178344726562e+00
4.136920452117919922e+00
4.140161991119384766e+00
4.140223026275634766e+00
4.263693332672119141e+00
4.248080253601074219e+00
4.200980186462402344e+00
4.168065071105957031e+00
4.158989429473876953e+00
4.159545898437500000e+00
4.145319461822509766e+00
4.147148609161376953e+00
4.142105579376220703e+00
4.146907806396484375e+00
4.160352230072021484e+00
4.156856536865234375e+00
4.159315109252929688e+00
4.144307136535644531e+00
4.140695095062255859e+00
4.140402793884277344e+00
4.133666038513183594e+00
4.136825084686279297e+00
4.143995761871337891e+00
4.137042522430419922e+00
4.134566783905029297e+00
4.140178203582763672e+00
4.139880657196044922e+00
4.137213230133056641e+00
4.133770465850830078e+00
4.141139507293701172e+00
4.133359432220458984e+00
4.136161327362060547e+00
4.134540081024169922e+00
4.135453701019287109e+00
4.131083965301513672e+00
4.136469841003417969e+00
4.131819248199462891e+00
4.135910034179687500e+00
4.135685920715332031e+00
4.133959293365478516e+00
4.137852668762207031e+00
4.137925624847412109e+00
4.141052722930908203e+00
4.140633106231689453e+00
4.138962268829345703e+00
4.143200397491455078e+00
4.139825344085693359e+00
4.143704414367675781e+00
4.137197017669677734e+00
4.133239269256591797e+00
4.139485359191894531e+00
4.140058040618896484e+00
4.136410236358642578e+00
4.136011600494384766e+00
4.127992630004882812e+00
4.131427764892578125e+00
4.131716728210449219e+00
4.131690025329589844e+00
4.132956504821777344e+00
4.131851196289062500e+00
4.128170013427734375e+00
4.131550312042236328e+00
4.129761695861816406e+00
4.129256725311279297e+00
4.138983249664306641e+00
4.134413719177246094e+00
4.137084960937500000e+00
4.137108325958251953e+00
4.135880470275878906e+00
4.131324768066406250e+00
4.129808425903320312e+00
4.138267993927001953e+00
4.132614612579345703e+00
4.132798671722412109e+00
4.132529258728027344e+00
4.141422271728515625e+00
4.137404441833496094e+00
4.132191181182861328e+00
4.130626201629638672e+00
4.127706050872802734e+00
4.130350112915039062e+00
4.143095493316650391e+00
4.130059719085693359e+00
4.131836891174316406e+00
4.129939556121826172e+00
4.128304004669189453e+00
4.130999088287353516e+00
4.133701324462890625e+00
4.133111000061035156e+00
4.129734992980957031e+00
4.134174346923828125e+00
4.130816936492919922e+00
4.129139900207519531e+00
4.134895324707031250e+00
4.135581016540527344e+00
4.131185054779052734e+00
4.135889530181884766e+00
4.134916305541992188e+00
4.135080814361572266e+00
4.138634681701660156e+00
4.128770351409912109e+00
4.141683101654052734e+00
4.138811588287353516e+00
4.132148265838623047e+00
4.131562709808349609e+00
4.133926391601562500e+00
4.134210586547851562e+00
4.129762172698974609e+00
4.129177093505859375e+00
4.133316040039062500e+00
4.140175342559814453e+00
4.132089614868164062e+00
4.132956504821777344e+00
4.129882335662841797e+00
4.138415813446044922e+00
4.127039909362792969e+00
4.126647949218750000e+00
4.130467414855957031e+00
4.133510589599609375e+00
4.129424571990966797e+00
4.128363609313964844e+00
4.131472110748291016e+00
4.128869533538818359e+00
4.128726959228515625e+00
4.131512641906738281e+00
4.123064517974853516e+00
4.131613254547119141e+00
4.133235454559326172e+00
4.130260944366455078e+00
4.130867004394531250e+00
4.155524730682373047e+00
4.202448844909667969e+00
4.248438358306884766e+00
4.260019302368164062e+00
4.258675575256347656e+00
4.266235828399658203e+00
4.275168895721435547e+00
4.272601127624511719e+00
4.282811641693115234e+00
4.277719497680664062e+00
4.270929813385009766e+00
4.266535282135009766e+00
4.273092269897460938e+00
4.272812843322753906e+00
4.285284519195556641e+00
4.285341262817382812e+00
4.275554180145263672e+00
4.281008243560791016e+00
4.279778003692626953e+00
4.267828941345214844e+00
4.252898693084716797e+00
4.264378547668457031e+00
4.282133579254150391e+00
4.283109664916992188e+00
4.273004055023193359e+00
4.284898281097412109e+00
4.283123493194580078e+00
4.277047634124755859e+00
4.271884918212890625e+00
4.273092269897460938e+00
4.254242420196533203e+00
4.233544826507568359e+00
4.209120273590087891e+00
4.205280303955078125e+00
4.194666862487792969e+00
4.182314872741699219e+00
4.177145004272460938e+00
4.165937423706054688e+00
4.158869743347167969e+00
4.156047344207763672e+00
4.161055088043212891e+00
4.153182029724121094e+00
4.152184963226318359e+00
4.146753787994384766e+00
4.144809246063232422e+00
4.145374774932861328e+00
4.141964435577392578e+00
4.145130634307861328e+00
4.144571781158447266e+00
4.135016441345214844e+00
4.142135620117187500e+00
4.138165950775146484e+00
4.140872955322265625e+00
4.135972976684570312e+00
4.141015529632568359e+00
4.138106346130371094e+00
4.133733272552490234e+00
4.134733200073242188e+00
4.130144119262695312e+00
4.132860660552978516e+00
4.132678508758544922e+00
4.135761260986328125e+00
4.133814334869384766e+00
4.233572006225585938e+00
4.218358516693115234e+00
4.251246929168701172e+00
4.253559589385986328e+00
4.252835750579833984e+00
4.245010852813720703e+00
4.255243301391601562e+00
4.264772415161132812e+00
4.273530006408691406e+00
4.262682437896728516e+00
4.254192352294921875e+00
4.237762451171875000e+00
4.226733207702636719e+00
4.211725234985351562e+00
4.198827743530273438e+00
4.182206630706787109e+00
4.170027732849121094e+00
4.159291744232177734e+00
4.152588367462158203e+00
4.153995513916015625e+00
4.143423557281494141e+00
4.144536018371582031e+00
4.144106864929199219e+00
4.142446517944335938e+00
4.134450912475585938e+00
4.136953830718994141e+00
4.134997844696044922e+00
4.146565437316894531e+00
4.148255825042724609e+00
4.127658367156982422e+00
4.123702526092529297e+00
4.118653297424316406e+00
4.110787868499755859e+00
4.113801479339599609e+00
4.103551864624023438e+00
4.107758045196533203e+00
4.105060100555419922e+00
4.098414897918701172e+00
4.101303577423095703e+00
4.096375465393066406e+00
4.096472263336181641e+00
4.092477321624755859e+00
4.092062950134277344e+00
4.088621616363525391e+00
4.093327999114990234e+00
4.088543891906738281e+00
4.087916851043701172e+00
4.091407775878906250e+00
4.092781066894531250e+00
4.086102962493896484e+00
4.089453697204589844e+00
4.083900451660156250e+00
4.097923278808593750e+00
4.083597183227539062e+00
4.089104652404785156e+00
4.083148002624511719e+00
4.083065032958984375e+00
4.084702968597412109e+00
4.084714889526367188e+00
4.089885234832763672e+00
4.083246231079101562e+00
4.090368747711181641e+00
4.083460807800292969e+00
4.082036495208740234e+00
4.082542896270751953e+00
4.082238197326660156e+00
4.085137844085693359e+00
4.080867767333984375e+00
4.083434104919433594e+00
4.087283611297607422e+00
4.074832916259765625e+00
4.068759918212890625e+00
4.067873954772949219e+00
4.066399097442626953e+00
4.065294742584228516e+00
4.064222335815429688e+00
4.063352108001708984e+00
4.062557220458984375e+00
4.061900615692138672e+00
4.061433315277099609e+00
4.061023235321044922e+00
4.060625076293945312e+00
4.060323238372802734e+00
4.060021877288818359e+00
4.059734821319580078e+00
4.059392452239990234e+00
4.059063911437988281e+00
4.058754920959472656e+00
4.058522224426269531e+00
4.058307647705078125e+00
4.058039665222167969e+00
4.057723999023437500e+00
4.057468891143798828e+00
4.057238101959228516e+00
4.057026863098144531e+00
4.056821346282958984e+00
4.056642055511474609e+00
4.056447982788085938e+00
4.056324481964111328e+00
4.056171894073486328e+00
4.056016921997070312e+00
4.055892467498779297e+00
4.055763244628906250e+00
4.055652141571044922e+00
4.055531978607177734e+00
4.055451393127441406e+00
4.055356025695800781e+00
4.055322170257568359e+00
4.055264949798583984e+00
4.055205821990966797e+00
4.055145740509033203e+00
4.055092334747314453e+00
4.055021286010742188e+00
4.054962635040283203e+00
4.054911136627197266e+00
4.054882526397705078e+00
4.054830074310302734e+00
4.054790496826171875e+00
4.054744243621826172e+00
4.054678440093994141e+00
4.054638385772705078e+00
4.054559707641601562e+00
4.054507255554199219e+00
4.054472923278808594e+00
4.054444313049316406e+00
4.054411411285400391e+00
4.054391384124755859e+00
4.054371833801269531e+00
4.054369449615478516e+00
4.054371356964111328e+00
4.054374694824218750e+00
4.054368495941162109e+00
4.054357528686523438e+00
4.054382801055908203e+00
4.054374694824218750e+00
4.054367542266845703e+00
4.054352760314941406e+00
4.054377079010009766e+00
4.054390907287597656e+00
4.054421424865722656e+00
4.054466247558593750e+00
4.054476737976074219e+00
4.054486274719238281e+00
4.054508209228515625e+00
4.054524898529052734e+00
4.054555892944335938e+00
4.054556846618652344e+00
4.054547309875488281e+00
4.054565429687500000e+00
4.054570198059082031e+00
4.054588317871093750e+00
4.054608345031738281e+00
4.054656505584716797e+00
4.054692268371582031e+00
4.054727077484130859e+00
4.054753303527832031e+00
4.054774761199951172e+00
4.054821968078613281e+00
4.054865360260009766e+00
4.054893970489501953e+00
4.054925918579101562e+00
4.054965019226074219e+00
4.055000782012939453e+00
4.055033206939697266e+00
4.055059909820556641e+00
4.055104255676269531e+00
4.055153369903564453e+00
4.055200576782226562e+00
4.055252552032470703e+00
4.055310249328613281e+00
4.055352687835693359e+00
4.055396556854248047e+00
4.055454254150390625e+00
4.055522918701171875e+00
4.055601596832275391e+00
4.055657863616943359e+00
4.055721759796142578e+00
4.055781841278076172e+00
4.055836677551269531e+00
4.055879592895507812e+00
4.055929660797119141e+00
4.055986404418945312e+00
4.056041717529296875e+00
4.056106567382812500e+00
4.056178569793701172e+00
4.056240558624267578e+00
4.056286334991455078e+00
4.056334018707275391e+00
4.056394100189208984e+00
4.056467056274414062e+00
4.056533336639404297e+00
4.056594848632812500e+00
4.056642055511474609e+00
4.056698799133300781e+00
4.056764125823974609e+00
4.056834697723388672e+00
4.056902408599853516e+00
4.056974411010742188e+00
4.057037830352783203e+00
4.057089328765869141e+00
4.057148456573486328e+00
4.057215690612792969e+00
4.057282924652099609e+00
4.057351112365722656e+00
4.057423591613769531e+00
