6.088302135467529297e+00
5.474000930786132812e+00
5.235014438629150391e+00
5.091002941131591797e+00
4.981792926788330078e+00
4.895079612731933594e+00
4.845072746276855469e+00
4.790503025054931641e+00
4.839110851287841797e+00
4.826203346252441406e+00
4.794228553771972656e+00
4.784222602844238281e+00
4.755184173583984375e+00
4.715740203857421875e+00
4.713041782379150391e+00
4.675904750823974609e+00
4.659481048583984375e+00
4.619669437408447266e+00
4.599563598632812500e+00
4.586841106414794922e+00
4.595178127288818359e+00
4.564533233642578125e+00
4.540487289428710938e+00
4.535371780395507812e+00
4.639145851135253906e+00
4.538325309753417969e+00
4.530838966369628906e+00
4.497609615325927734e+00
4.484942913055419922e+00
4.467155933380126953e+00
4.471234321594238281e+00
4.450732707977294922e+00
4.440870761871337891e+00
4.428130626678466797e+00
4.424263477325439453e+00
4.419435024261474609e+00
4.406703472137451172e+00
4.392622947692871094e+00
4.386249542236328125e+00
4.388240814208984375e+00
4.377709388732910156e+00
4.417672157287597656e+00
4.431286811828613281e+00
4.416087627410888672e+00
4.416042327880859375e+00
4.392651081085205078e+00
4.376748561859130859e+00
4.367832660675048828e+00
4.354344844818115234e+00
4.412090301513671875e+00
4.389914989471435547e+00
4.369168281555175781e+00
4.381364822387695312e+00
4.392221927642822266e+00
4.378328800201416016e+00
4.370693206787109375e+00
4.365869998931884766e+00
4.381434917449951172e+00
4.363118648529052734e+00
4.353185176849365234e+00
4.354201316833496094e+00
4.349014282226562500e+00
4.324776172637939453e+00
4.327090740203857422e+00
4.326227664947509766e+00
4.329002857208251953e+00
4.325672626495361328e+00
4.333254337310791016e+00
4.329065799713134766e+00
4.354320049285888672e+00
4.342951774597167969e+00
4.360203266143798828e+00
4.347156524658203125e+00
4.332349777221679688e+00
4.327260494232177734e+00
4.329488754272460938e+00
4.330976009368896484e+00
4.317545413970947266e+00
4.306101799011230469e+00
4.323454380035400391e+00
4.322464942932128906e+00
4.318333625793457031e+00
4.328525066375732422e+00
4.311805725097656250e+00
4.311820983886718750e+00
4.294924259185791016e+00
4.302266597747802734e+00
4.329391956329345703e+00
4.321331024169921875e+00
4.329078197479248047e+00
4.320337295532226562e+00
4.328301429748535156e+00
4.337368965148925781e+00
4.312744617462158203e+00
4.310010910034179688e+00
4.316692352294921875e+00
4.305144786834716797e+00
4.292863845825195312e+00
4.293822288513183594e+00
4.284610271453857422e+00
4.283758640289306641e+00
4.285175323486328125e+00
4.275671482086181641e+00
4.265788078308105469e+00
4.274042606353759766e+00
4.260454654693603516e+00
4.256984710693359375e+00
4.257052898406982422e+00
4.251203060150146484e+00
4.244761466979980469e+00
4.251262187957763672e+00
4.243844985961914062e+00
4.240043163299560547e+00
4.235203742980957031e+00
4.233092784881591797e+00
4.232745647430419922e+00
4.229826450347900391e+00
4.231156349182128906e+00
4.228575229644775391e+00
4.232003211975097656e+00
4.318637371063232422e+00
4.301475524902343750e+00
4.305822849273681641e+00
4.305340766906738281e+00
4.279999732971191406e+00
4.279137134552001953e+00
4.290829181671142578e+00
4.285034179687500000e+00
4.266782760620117188e+00
4.250613212585449219e+00
4.242346286773681641e+00
4.244085788726806641e+00
4.244153499603271484e+00
4.233161449432373047e+00
4.235242843627929688e+00
4.247674942016601562e+00
4.262531280517578125e+00
4.264364719390869141e+00
4.262674331665039062e+00
4.244129180908203125e+00
4.249954700469970703e+00
4.252195358276367188e+00
4.243359088897705078e+00
4.226585865020751953e+00
4.226915836334228516e+00
4.216601371765136719e+00
4.212828636169433594e+00
4.213504314422607422e+00
4.215128421783447266e+00
4.218066692352294922e+00
4.242394447326660156e+00
4.224619865417480469e+00
4.220663070678710938e+00
4.212809562683105469e+00
4.207773208618164062e+00
4.201724529266357422e+00
4.213654041290283203e+00
4.207470417022705078e+00
4.212867259979248047e+00
4.207244396209716797e+00
4.200694084167480469e+00
4.199532508850097656e+00
4.204799175262451172e+00
4.197979927062988281e+00
4.196748733520507812e+00
4.205256462097167969e+00
4.202210426330566406e+00
4.202212810516357422e+00
4.192718029022216797e+00
4.191193580627441406e+00
4.192724704742431641e+00
4.189111232757568359e+00
4.190371036529541016e+00
4.194805145263671875e+00
4.193323612213134766e+00
4.188545703887939453e+00
4.183019161224365234e+00
4.183047771453857422e+00
4.185328006744384766e+00
4.184479236602783203e+00
4.186863422393798828e+00
4.180096626281738281e+00
4.182473659515380859e+00
4.177578926086425781e+00
4.186606884002685547e+00
4.183914184570312500e+00
4.189054012298583984e+00
4.179384708404541016e+00
4.183800697326660156e+00
4.187356948852539062e+00
4.181509017944335938e+00
4.182674884796142578e+00
4.181816101074218750e+00
4.175791740417480469e+00
4.186327457427978516e+00
4.178118228912353516e+00
4.178385257720947266e+00
4.175792694091796875e+00
4.173275470733642578e+00
4.191886425018310547e+00
4.176272392272949219e+00
4.183000564575195312e+00
4.181971073150634766e+00
4.181191921234130859e+00
4.173024654388427734e+00
4.177059650421142578e+00
4.175714969635009766e+00
4.170931816101074219e+00
4.184449672698974609e+00
4.180764675140380859e+00
4.183493614196777344e+00
4.175839900970458984e+00
4.171181678771972656e+00
4.179250240325927734e+00
4.176054000854492188e+00
4.182579040527343750e+00
4.173000812530517578e+00
4.172789573669433594e+00
4.171156883239746094e+00
4.170935630798339844e+00
4.170094490051269531e+00
4.168929576873779297e+00
4.172314643859863281e+00
4.172280311584472656e+00
4.176045894622802734e+00
4.169153213500976562e+00
4.162913799285888672e+00
4.170027732849121094e+00
4.178229808807373047e+00
4.169878005981445312e+00
4.174573898315429688e+00
4.170061588287353516e+00
4.177762031555175781e+00
4.178474903106689453e+00
4.181586265563964844e+00
4.182009696960449219e+00
4.188464641571044922e+00
4.197501659393310547e+00
4.181476116180419922e+00
4.186068058013916016e+00
4.179133892059326172e+00
4.177558898925781250e+00
4.224565029144287109e+00
4.191770553588867188e+00
4.184341907501220703e+00
4.178206443786621094e+00
4.173530578613281250e+00
4.179512023925781250e+00
4.171810626983642578e+00
4.171226501464843750e+00
4.174431800842285156e+00
4.168486595153808594e+00
4.165951251983642578e+00
4.166522979736328125e+00
4.160558700561523438e+00
4.163587570190429688e+00
4.160741329193115234e+00
4.162043094635009766e+00
4.162787437438964844e+00
4.163991451263427734e+00
4.170128345489501953e+00
4.162809848785400391e+00
4.163646221160888672e+00
4.156609058380126953e+00
4.163575649261474609e+00
4.158546924591064453e+00
4.159671306610107422e+00
4.164712905883789062e+00
4.163885593414306641e+00
4.165076255798339844e+00
4.163687229156494141e+00
4.161171436309814453e+00
4.156208038330078125e+00
4.156520843505859375e+00
4.159390926361083984e+00
4.164427757263183594e+00
4.216246128082275391e+00
4.189827442169189453e+00
4.169958114624023438e+00
4.164802551269531250e+00
4.161549091339111328e+00
4.160557746887207031e+00
4.160983085632324219e+00
4.158081531524658203e+00
4.159882068634033203e+00
4.160783290863037109e+00
4.164816856384277344e+00
4.165025234222412109e+00
4.157343864440917969e+00
4.157003879547119141e+00
4.155303478240966797e+00
4.156274318695068359e+00
4.161384582519531250e+00
4.156708717346191406e+00
4.152995109558105469e+00
4.159023284912109375e+00
4.155054092407226562e+00
4.153838157653808594e+00
4.149350643157958984e+00
4.152380943298339844e+00
4.152518749237060547e+00
4.150625228881835938e+00
4.155092716217041016e+00
4.151576042175292969e+00
4.156141281127929688e+00
4.157938480377197266e+00
4.158478736877441406e+00
4.154934883117675781e+00
4.143907546997070312e+00
4.136705875396728516e+00
4.130382061004638672e+00
4.129519462585449219e+00
4.127906322479248047e+00
4.123393058776855469e+00
4.119889736175537109e+00
4.119653701782226562e+00
4.115251064300537109e+00
4.111568450927734375e+00
4.117763519287109375e+00
4.110900402069091797e+00
4.108810424804687500e+00
4.107875347137451172e+00
4.109407901763916016e+00
4.112144470214843750e+00
4.111125469207763672e+00
4.110040187835693359e+00
4.112035274505615234e+00
4.107850074768066406e+00
4.108128070831298828e+00
4.112699508666992188e+00
4.109973430633544922e+00
4.108747959136962891e+00
4.106971263885498047e+00
4.107827663421630859e+00
4.103283405303955078e+00
4.098201751708984375e+00
4.102732181549072266e+00
4.102722167968750000e+00
4.100943565368652344e+00
4.107579231262207031e+00
4.101429462432861328e+00
4.100586891174316406e+00
4.104170322418212891e+00
4.103973865509033203e+00
4.100512981414794922e+00
4.103363990783691406e+00
4.102113723754882812e+00
4.100168704986572266e+00
4.097650051116943359e+00
4.105626583099365234e+00
4.099146366119384766e+00
4.099740982055664062e+00
4.095394611358642578e+00
4.102272510528564453e+00
4.098743915557861328e+00
4.093647956848144531e+00
4.102421760559082031e+00
4.097558975219726562e+00
4.092420101165771484e+00
4.097083568572998047e+00
4.095635414123535156e+00
4.093978404998779297e+00
4.094563484191894531e+00
4.097496986389160156e+00
4.100672245025634766e+00
4.095107078552246094e+00
4.097530841827392578e+00
4.097508907318115234e+00
4.102859973907470703e+00
4.099536418914794922e+00
4.099297046661376953e+00
4.103763580322265625e+00
4.100077152252197266e+00
4.100729942321777344e+00
4.095581531524658203e+00
4.096257686614990234e+00
4.095204353332519531e+00
4.091815471649169922e+00
4.097649097442626953e+00
4.092791080474853516e+00
4.092030048370361328e+00
4.097222805023193359e+00
4.093679428100585938e+00
4.093305110931396484e+00
4.091989517211914062e+00
4.095591545104980469e+00
4.099658489227294922e+00
4.098011016845703125e+00
4.100698471069335938e+00
4.096271038055419922e+00
4.091584682464599609e+00
4.096572875976562500e+00
4.096245288848876953e+00
4.103052616119384766e+00
4.097939491271972656e+00
4.101686000823974609e+00
4.092744827270507812e+00
4.092704296112060547e+00
4.094242572784423828e+00
4.099005222320556641e+00
4.091768264770507812e+00
4.092327117919921875e+00
4.091003894805908203e+00
4.102853775024414062e+00
4.106392860412597656e+00
4.090714931488037109e+00
4.094449043273925781e+00
4.095093250274658203e+00
4.095882415771484375e+00
4.090287208557128906e+00
4.094957351684570312e+00
4.095648765563964844e+00
4.101876735687255859e+00
4.097639560699462891e+00
4.104764461517333984e+00
4.087171077728271484e+00
4.088836193084716797e+00
4.092810153961181641e+00
4.099318027496337891e+00
4.086187839508056641e+00
4.095754146575927734e+00
4.103480339050292969e+00
4.101925373077392578e+00
4.102294921875000000e+00
4.093268871307373047e+00
4.093400955200195312e+00
4.091145992279052734e+00
4.094200134277343750e+00
4.090313911437988281e+00
4.114608764648437500e+00
4.100602626800537109e+00
4.089240550994873047e+00
4.095267772674560547e+00
4.100684642791748047e+00
4.095493793487548828e+00
4.093376636505126953e+00
4.093757629394531250e+00
4.100480556488037109e+00
4.091742515563964844e+00
4.092912197113037109e+00
4.089519023895263672e+00
4.095307350158691406e+00
4.088717937469482422e+00
4.092753887176513672e+00
4.090991020202636719e+00
4.092369079589843750e+00
4.094318866729736328e+00
4.091972351074218750e+00
4.097316265106201172e+00
4.098452091217041016e+00
4.093572139739990234e+00
4.096335887908935547e+00
4.091687202453613281e+00
4.085951805114746094e+00
4.098437786102294922e+00
4.092353820800781250e+00
4.094758987426757812e+00
4.096362113952636719e+00
4.096866607666015625e+00
4.100795269012451172e+00
4.088802337646484375e+00
4.088962554931640625e+00
4.092263221740722656e+00
4.094511508941650391e+00
4.092020034790039062e+00
4.100099563598632812e+00
4.109457015991210938e+00
4.098130226135253906e+00
4.088358402252197266e+00
4.088675498962402344e+00
4.099543571472167969e+00
4.089917659759521484e+00
4.104828357696533203e+00
4.096690654754638672e+00
4.091740131378173828e+00
4.094192504882812500e+00
4.083902359008789062e+00
4.087695598602294922e+00
4.092817306518554688e+00
4.089991092681884766e+00
4.088246345520019531e+00
4.089686393737792969e+00
4.088034152984619141e+00
4.089946746826171875e+00
4.086408615112304688e+00
4.089735984802246094e+00
4.089881420135498047e+00
4.089087486267089844e+00
4.096223831176757812e+00
4.091792583465576172e+00
4.089120388031005859e+00
4.088891983032226562e+00
4.091958045959472656e+00
4.095743656158447266e+00
4.088607788085937500e+00
4.085031032562255859e+00
4.093419551849365234e+00
4.088531017303466797e+00
4.096729755401611328e+00
4.086848258972167969e+00
4.089415550231933594e+00
4.087327957153320312e+00
4.085342884063720703e+00
4.093726158142089844e+00
4.097354888916015625e+00
4.090940952301025391e+00
4.094327449798583984e+00
4.094248294830322266e+00
4.097019672393798828e+00
4.101658344268798828e+00
4.083939075469970703e+00
4.089379787445068359e+00
4.090880393981933594e+00
4.082012176513671875e+00
4.092393398284912109e+00
4.094434738159179688e+00
4.096500873565673828e+00
4.093219757080078125e+00
4.090790748596191406e+00
4.089181900024414062e+00
4.088985443115234375e+00
4.082099437713623047e+00
4.088424682617187500e+00
4.079598426818847656e+00
4.091168880462646484e+00
4.089196681976318359e+00
4.084620475769042969e+00
4.078755855560302734e+00
4.085043430328369141e+00
4.098603248596191406e+00
4.086637020111083984e+00
4.088267326354980469e+00
4.084976196289062500e+00
4.092540740966796875e+00
4.089914798736572266e+00
4.094161510467529297e+00
4.080920696258544922e+00
4.085094451904296875e+00
4.094449043273925781e+00
4.084839344024658203e+00
4.099128723144531250e+00
4.091596603393554688e+00
4.099410057067871094e+00
4.089356422424316406e+00
4.085553169250488281e+00
4.094889640808105469e+00
4.091588020324707031e+00
4.086289882659912109e+00
4.086835861206054688e+00
4.086790561676025391e+00
4.089900970458984375e+00
4.084796428680419922e+00
4.086608886718750000e+00
4.086325645446777344e+00
4.084044456481933594e+00
4.088963031768798828e+00
4.086412906646728516e+00
4.090103626251220703e+00
4.090916156768798828e+00
4.094347000122070312e+00
4.084550380706787109e+00
4.094119071960449219e+00
4.083986759185791016e+00
4.087160587310791016e+00
4.083593845367431641e+00
4.090826511383056641e+00
4.077394962310791016e+00
4.096895694732666016e+00
4.084253311157226562e+00
4.083980083465576172e+00
4.090775966644287109e+00
4.085205078125000000e+00
4.090346336364746094e+00
4.083703994750976562e+00
4.090781211853027344e+00
4.090172767639160156e+00
4.097810745239257812e+00
4.091873168945312500e+00
4.091921806335449219e+00
4.087262153625488281e+00
4.087520599365234375e+00
4.087601184844970703e+00
4.093171596527099609e+00
4.092168331146240234e+00
4.087941169738769531e+00
4.091938018798828125e+00
4.085136890411376953e+00
4.082980632781982422e+00
4.091098785400390625e+00
4.092916011810302734e+00
4.079893589019775391e+00
4.088932514190673828e+00
4.090537071228027344e+00
4.088168144226074219e+00
4.083386421203613281e+00
4.089388847351074219e+00
4.096114635467529297e+00
4.086405754089355469e+00
4.089455127716064453e+00
4.095368862152099609e+00
4.090436458587646484e+00
4.088186740875244141e+00
4.088265895843505859e+00
4.088452816009521484e+00
4.085698604583740234e+00
4.083041191101074219e+00
4.094957351684570312e+00
4.087148189544677734e+00
4.093925952911376953e+00
4.084478378295898438e+00
4.087394714355468750e+00
4.083232879638671875e+00
4.092577934265136719e+00
4.088411331176757812e+00
4.090697765350341797e+00
4.094933032989501953e+00
4.086842060089111328e+00
4.085956573486328125e+00
4.091159343719482422e+00
4.095164775848388672e+00
4.096064090728759766e+00
4.087643146514892578e+00
4.095878124237060547e+00
4.086689949035644531e+00
4.095279693603515625e+00
4.095489025115966797e+00
4.085707187652587891e+00
4.090358734130859375e+00
4.089898109436035156e+00
4.091021537780761719e+00
4.089977264404296875e+00
4.098308086395263672e+00
4.093305587768554688e+00
4.096147060394287109e+00
4.090182304382324219e+00
4.096492767333984375e+00
4.087983608245849609e+00
4.091984748840332031e+00
4.099622249603271484e+00
4.091422557830810547e+00
4.094202518463134766e+00
4.085973739624023438e+00
4.087214469909667969e+00
4.097605228424072266e+00
4.095114231109619141e+00
4.095901489257812500e+00
4.091332912445068359e+00
4.099339008331298828e+00
4.093868255615234375e+00
4.087701320648193359e+00
4.084476470947265625e+00
4.097870826721191406e+00
4.096374034881591797e+00
4.081335544586181641e+00
4.086864471435546875e+00
4.088590145111083984e+00
4.097229003906250000e+00
4.092546939849853516e+00
4.095068454742431641e+00
4.092793941497802734e+00
4.089300155639648438e+00
4.084220886230468750e+00
4.088925838470458984e+00
4.097924232482910156e+00
4.090725421905517578e+00
4.092238426208496094e+00
4.088846206665039062e+00
4.084277629852294922e+00
4.097076416015625000e+00
4.086434364318847656e+00
4.089018344879150391e+00
4.097578048706054688e+00
4.083373546600341797e+00
4.094277381896972656e+00
4.100048065185546875e+00
4.098170280456542969e+00
4.093218803405761719e+00
4.083106994628906250e+00
4.084713459014892578e+00
4.090062618255615234e+00
4.091082572937011719e+00
4.093438148498535156e+00
4.090168476104736328e+00
4.096108436584472656e+00
4.097697257995605469e+00
4.098705768585205078e+00
4.097030162811279297e+00
4.098367214202880859e+00
4.092688083648681641e+00
4.091632843017578125e+00
4.089947700500488281e+00
4.090462207794189453e+00
4.098505020141601562e+00
4.089267730712890625e+00
4.087562561035156250e+00
4.093287944793701172e+00
4.090872287750244141e+00
4.092163562774658203e+00
4.083514213562011719e+00
4.090689659118652344e+00
4.091705322265625000e+00
4.089548587799072266e+00
4.083829402923583984e+00
4.090433120727539062e+00
4.082857608795166016e+00
4.084066390991210938e+00
4.088534355163574219e+00
4.092147350311279297e+00
4.081802368164062500e+00
4.087600231170654297e+00
4.092725276947021484e+00
4.092599391937255859e+00
4.088348388671875000e+00
4.093493461608886719e+00
4.091439723968505859e+00
4.084928035736083984e+00
4.096284866333007812e+00
4.088757514953613281e+00
4.091373443603515625e+00
4.091012477874755859e+00
4.087338924407958984e+00
4.092552661895751953e+00
4.088277339935302734e+00
4.093547821044921875e+00
4.087672233581542969e+00
4.086516380310058594e+00
4.092820644378662109e+00
4.090966224670410156e+00
4.089151382446289062e+00
4.092470169067382812e+00
4.092548847198486328e+00
4.089786529541015625e+00
4.095477104187011719e+00
4.094887256622314453e+00
4.084607601165771484e+00
4.086777210235595703e+00
4.085417270660400391e+00
4.083369731903076172e+00
4.090042114257812500e+00
4.085433006286621094e+00
4.087525844573974609e+00
4.095024585723876953e+00
4.092520713806152344e+00
4.092916488647460938e+00
4.090009689331054688e+00
4.089231967926025391e+00
4.085629940032958984e+00
4.090708732604980469e+00
4.084282398223876953e+00
4.092448711395263672e+00
4.092204093933105469e+00
4.089162349700927734e+00
4.084828376770019531e+00
4.091297626495361328e+00
4.089197635650634766e+00
4.088154792785644531e+00
4.091797828674316406e+00
4.088254451751708984e+00
4.085474491119384766e+00
4.096138000488281250e+00
4.085971355438232422e+00
4.090797901153564453e+00
4.099037170410156250e+00
4.086970806121826172e+00
4.092086791992187500e+00
4.089111328125000000e+00
4.083201885223388672e+00
4.082036495208740234e+00
4.080938816070556641e+00
4.079807758331298828e+00
4.079125881195068359e+00
4.078614711761474609e+00
4.078111171722412109e+00
4.077552795410156250e+00
4.077148914337158203e+00
4.076885223388671875e+00
4.076568126678466797e+00
4.076381683349609375e+00
4.076301097869873047e+00
4.076138973236083984e+00
4.075945377349853516e+00
4.075826168060302734e+00
4.075646877288818359e+00
4.075553417205810547e+00
4.075475692749023438e+00
4.075366020202636719e+00
4.075289726257324219e+00
4.075224399566650391e+00
4.075139045715332031e+00
4.075008869171142578e+00
4.074968814849853516e+00
4.074978828430175781e+00
4.074970722198486328e+00
4.074896812438964844e+00
4.074852466583251953e+00
4.074813842773437500e+00
4.074767112731933594e+00
4.074738979339599609e+00
4.074721336364746094e+00
4.074720859527587891e+00
4.074758052825927734e+00
4.074750423431396484e+00
4.074732303619384766e+00
4.074730396270751953e+00
4.074746131896972656e+00
4.074781417846679688e+00
4.074751377105712891e+00
4.074757099151611328e+00
4.074767589569091797e+00
4.074842453002929688e+00
4.074880599975585938e+00
4.074909687042236328e+00
4.074943542480468750e+00
4.074965476989746094e+00
4.074992656707763672e+00
4.075045585632324219e+00
4.075083732604980469e+00
4.075130462646484375e+00
4.075160503387451172e+00
4.075212478637695312e+00
4.075276851654052734e+00
4.075326919555664062e+00
4.075378417968750000e+00
4.075441837310791016e+00
4.075490951538085938e+00
4.075548171997070312e+00
4.075598716735839844e+00
4.075662612915039062e+00
4.075718402862548828e+00
4.075758934020996094e+00
4.075811386108398438e+00
4.075853347778320312e+00
4.075917243957519531e+00
4.075961589813232422e+00
4.076025485992431641e+00
4.076088905334472656e+00
4.076131820678710938e+00
4.076172828674316406e+00
4.076213836669921875e+00
4.076258659362792969e+00
4.076299190521240234e+00
4.076335906982421875e+00
4.076397418975830078e+00
4.076454162597656250e+00
4.076504707336425781e+00
4.076559543609619141e+00
4.076639652252197266e+00
4.076703071594238281e+00
4.076769351959228516e+00
4.076827526092529297e+00
4.076888561248779297e+00
4.076949596405029297e+00
4.077020645141601562e+00
4.077082157135009766e+00
4.077158451080322266e+00
4.077248573303222656e+00
4.077322006225585938e+00
4.077381134033203125e+00
4.077457427978515625e+00
4.077529430389404297e+00
4.077613830566406250e+00
4.077693462371826172e+00
4.077756881713867188e+00
4.077816486358642578e+00
4.077895641326904297e+00
4.077970027923583984e+00
4.078046321868896484e+00
4.078113079071044922e+00
4.078195571899414062e+00
4.078293323516845703e+00
4.078402996063232422e+00
4.078502178192138672e+00
4.078583240509033203e+00
4.078671455383300781e+00
4.078747749328613281e+00
4.078824996948242188e+00
4.078907489776611328e+00
4.078986644744873047e+00
4.079052925109863281e+00
4.079137325286865234e+00
4.079222202301025391e+00
4.079300880432128906e+00
4.079391956329345703e+00
4.079484939575195312e+00
4.079577922821044922e+00
4.079666614532470703e+00
4.079742908477783203e+00
4.079836368560791016e+00
4.079914569854736328e+00
4.080000400543212891e+00
4.080085754394531250e+00
4.080167770385742188e+00
4.080246448516845703e+00
4.080320835113525391e+00
4.080407619476318359e+00
4.080493927001953125e+00
4.080579280853271484e+00
4.080650329589843750e+00
4.080723762512207031e+00
4.080798625946044922e+00
